frame	time	cell.id	neighbor.cnt
1	0	1	7
1	0	2	6
1	0	3	6
1	0	5	7
1	0	6	7
1	0	7	7
1	0	8	6
1	0	9	5
1	0	10	7
1	0	12	7
1	0	13	5
1	0	14	6
1	0	15	6
1	0	16	6
1	0	17	6
1	0	20	6
1	0	22	7
1	0	23	6
1	0	24	7
1	0	26	6
1	0	27	7
1	0	28	6
1	0	29	7
1	0	32	7
1	0	33	6
1	0	34	6
1	0	35	7
1	0	36	6
1	0	37	6
1	0	38	7
1	0	41	6
1	0	43	7
1	0	44	5
1	0	45	6
1	0	46	5
1	0	47	6
1	0	48	5
1	0	49	7
1	0	50	7
1	0	51	7
1	0	52	6
1	0	53	6
1	0	54	6
1	0	55	6
1	0	56	6
1	0	58	5
1	0	59	5
1	0	60	6
1	0	61	7
1	0	62	6
1	0	63	6
1	0	64	6
1	0	65	6
1	0	67	6
1	0	68	6
1	0	69	5
1	0	70	6
1	0	71	6
1	0	73	6
1	0	75	6
1	0	76	5
1	0	77	6
1	0	78	6
1	0	79	6
1	0	80	5
1	0	81	6
1	0	82	5
1	0	83	5
1	0	84	7
1	0	85	6
1	0	86	7
1	0	87	6
1	0	88	5
1	0	89	6
1	0	90	6
1	0	91	5
1	0	92	5
1	0	93	6
1	0	95	5
1	0	96	6
1	0	97	6
1	0	98	6
1	0	99	6
1	0	100	6
1	0	101	6
1	0	102	6
1	0	103	6
1	0	104	5
1	0	105	5
1	0	106	5
1	0	107	6
1	0	108	6
1	0	109	5
1	0	110	5
1	0	112	6
1	0	113	6
1	0	115	6
1	0	116	5
1	0	117	6
1	0	118	6
1	0	119	6
1	0	120	5
1	0	121	6
1	0	122	6
1	0	124	5
1	0	125	6
1	0	128	6
1	0	129	6
1	0	130	6
1	0	131	6
1	0	132	6
1	0	133	7
1	0	135	6
1	0	136	6
1	0	138	6
1	0	139	5
1	0	140	6
1	0	141	5
1	0	143	5
1	0	144	6
1	0	145	6
1	0	146	6
1	0	147	5
1	0	148	6
1	0	150	6
1	0	151	6
1	0	153	5
1	0	154	6
1	0	155	7
1	0	156	5
1	0	157	6
1	0	158	6
1	0	159	5
1	0	160	6
1	0	161	5
1	0	162	5
1	0	163	6
1	0	164	6
1	0	166	6
1	0	167	5
1	0	170	6
1	0	171	6
1	0	172	6
1	0	173	6
1	0	174	5
1	0	175	5
1	0	177	5
1	0	178	6
1	0	179	6
1	0	180	5
1	0	181	5
1	0	182	6
1	0	184	5
1	0	185	6
1	0	186	6
1	0	188	5
1	0	189	4
1	0	192	5
1	0	194	6
1	0	195	6
1	0	196	5
1	0	197	6
2	50	0	6
2	50	2	6
2	50	5	7
2	50	6	7
2	50	8	6
2	50	9	6
2	50	11	6
2	50	12	5
2	50	13	6
2	50	14	7
2	50	15	6
2	50	16	7
2	50	17	5
2	50	19	7
2	50	20	6
2	50	23	6
2	50	24	6
2	50	25	6
2	50	26	5
2	50	27	7
2	50	28	7
2	50	30	6
2	50	31	6
2	50	32	6
2	50	34	7
2	50	35	6
2	50	36	7
2	50	37	6
2	50	38	6
2	50	39	5
2	50	40	6
2	50	41	5
2	50	42	7
2	50	43	5
2	50	45	6
2	50	46	7
2	50	47	6
2	50	49	7
2	50	50	5
2	50	51	6
2	50	52	6
2	50	53	6
2	50	54	5
2	50	55	7
2	50	56	6
2	50	57	6
2	50	58	6
2	50	62	5
2	50	63	7
2	50	64	6
2	50	65	6
2	50	66	7
2	50	67	5
2	50	68	5
2	50	69	6
2	50	70	6
2	50	71	6
2	50	72	5
2	50	73	6
2	50	74	6
2	50	75	6
2	50	76	6
2	50	77	7
2	50	78	6
2	50	80	6
2	50	81	6
2	50	83	6
2	50	84	6
2	50	85	6
2	50	86	6
2	50	88	6
2	50	89	6
2	50	90	5
2	50	91	6
2	50	92	6
2	50	93	6
2	50	94	7
2	50	95	6
2	50	96	6
2	50	97	6
2	50	98	6
2	50	99	5
2	50	101	6
2	50	103	6
2	50	104	6
2	50	105	6
2	50	107	6
2	50	108	5
2	50	109	6
2	50	110	6
2	50	111	5
2	50	112	6
2	50	114	5
2	50	115	5
2	50	116	6
2	50	117	6
2	50	119	7
2	50	120	5
2	50	121	6
2	50	124	6
2	50	125	6
2	50	126	6
2	50	127	5
2	50	128	6
2	50	129	5
2	50	131	6
2	50	132	5
2	50	133	6
2	50	134	6
2	50	135	6
2	50	136	5
2	50	137	6
2	50	138	6
2	50	139	6
2	50	142	6
2	50	143	6
2	50	144	6
2	50	145	7
2	50	146	5
2	50	147	5
2	50	148	6
2	50	150	6
2	50	152	6
2	50	153	6
2	50	155	6
2	50	156	6
2	50	158	6
2	50	159	6
2	50	160	5
2	50	161	6
2	50	162	6
2	50	163	5
2	50	164	6
2	50	166	5
2	50	167	5
2	50	168	5
2	50	169	5
2	50	170	5
2	50	171	6
2	50	172	6
2	50	173	6
2	50	174	5
2	50	175	5
2	50	176	5
2	50	177	6
2	50	178	6
2	50	179	6
2	50	181	6
2	50	182	5
2	50	184	6
2	50	185	6
2	50	187	5
2	50	189	6
2	50	190	6
2	50	192	5
2	50	194	5
2	50	196	5
2	50	197	6
2	50	200	6
3	100	0	6
3	100	1	6
3	100	4	7
3	100	6	7
3	100	8	6
3	100	9	6
3	100	11	7
3	100	12	5
3	100	13	6
3	100	14	7
3	100	15	4
3	100	16	5
3	100	17	7
3	100	18	6
3	100	19	6
3	100	21	7
3	100	22	6
3	100	23	7
3	100	24	7
3	100	26	7
3	100	27	6
3	100	28	6
3	100	29	6
3	100	30	6
3	100	31	6
3	100	33	6
3	100	36	5
3	100	37	7
3	100	38	6
3	100	39	6
3	100	40	6
3	100	41	7
3	100	43	6
3	100	44	6
3	100	45	6
3	100	46	6
3	100	48	6
3	100	49	7
3	100	50	6
3	100	51	7
3	100	52	6
3	100	53	6
3	100	54	7
3	100	55	6
3	100	56	6
3	100	57	5
3	100	59	6
3	100	60	6
3	100	61	6
3	100	62	5
3	100	63	6
3	100	64	5
3	100	65	6
3	100	66	6
3	100	67	6
3	100	68	5
3	100	69	5
3	100	70	5
3	100	71	6
3	100	72	5
3	100	74	6
3	100	75	7
3	100	76	5
3	100	77	6
3	100	78	5
3	100	79	6
3	100	80	5
3	100	81	6
3	100	82	6
3	100	84	5
3	100	85	5
3	100	86	5
3	100	88	6
3	100	90	6
3	100	91	6
3	100	92	6
3	100	93	6
3	100	94	6
3	100	95	6
3	100	96	6
3	100	97	6
3	100	99	6
3	100	100	6
3	100	101	5
3	100	103	5
3	100	104	6
3	100	105	6
3	100	106	6
3	100	107	6
3	100	108	6
3	100	110	7
3	100	112	6
3	100	113	6
3	100	114	5
3	100	116	7
3	100	117	6
3	100	118	7
3	100	119	6
3	100	120	6
3	100	121	5
3	100	122	5
3	100	123	7
3	100	124	6
3	100	125	6
3	100	127	6
3	100	128	6
3	100	129	5
3	100	131	6
3	100	133	6
3	100	136	6
3	100	137	7
3	100	138	6
3	100	139	6
3	100	140	5
3	100	142	6
3	100	143	6
3	100	144	6
3	100	145	5
3	100	146	6
3	100	147	6
3	100	148	6
3	100	149	6
3	100	150	5
3	100	151	6
3	100	152	5
3	100	153	6
3	100	154	6
3	100	155	5
3	100	156	6
3	100	157	6
3	100	158	6
3	100	159	5
3	100	161	5
3	100	162	6
3	100	163	5
3	100	164	5
3	100	166	4
3	100	167	5
3	100	168	6
3	100	170	6
3	100	171	6
3	100	172	6
3	100	174	6
3	100	177	5
3	100	178	5
3	100	181	5
3	100	182	6
3	100	183	6
3	100	184	5
3	100	185	5
3	100	186	6
3	100	187	5
3	100	188	5
3	100	189	6
3	100	190	5
3	100	191	6
3	100	193	6
3	100	194	6
3	100	195	5
3	100	196	6
3	100	200	6
3	100	202	5
4	150	1	6
4	150	4	7
4	150	5	7
4	150	6	7
4	150	7	7
4	150	8	7
4	150	9	6
4	150	10	6
4	150	12	7
4	150	13	5
4	150	14	6
4	150	15	6
4	150	16	5
4	150	17	7
4	150	18	6
4	150	19	6
4	150	20	7
4	150	21	7
4	150	22	7
4	150	23	6
4	150	24	6
4	150	25	6
4	150	26	7
4	150	27	6
4	150	28	5
4	150	30	7
4	150	31	7
4	150	32	7
4	150	33	7
4	150	34	7
4	150	35	7
4	150	38	6
4	150	40	6
4	150	41	6
4	150	42	6
4	150	43	6
4	150	44	6
4	150	45	6
4	150	46	6
4	150	47	6
4	150	48	6
4	150	49	5
4	150	50	6
4	150	51	5
4	150	52	6
4	150	53	6
4	150	55	6
4	150	56	6
4	150	57	5
4	150	58	5
4	150	59	6
4	150	60	7
4	150	61	6
4	150	62	6
4	150	63	6
4	150	65	6
4	150	66	6
4	150	68	6
4	150	69	6
4	150	70	6
4	150	71	6
4	150	72	6
4	150	73	6
4	150	74	6
4	150	75	6
4	150	76	6
4	150	77	5
4	150	78	6
4	150	79	5
4	150	81	6
4	150	82	6
4	150	83	6
4	150	85	5
4	150	86	6
4	150	87	6
4	150	89	7
4	150	91	5
4	150	92	6
4	150	93	5
4	150	94	7
4	150	95	5
4	150	96	5
4	150	97	5
4	150	98	5
4	150	99	6
4	150	100	6
4	150	101	7
4	150	102	5
4	150	103	6
4	150	104	5
4	150	106	6
4	150	107	6
4	150	108	6
4	150	109	6
4	150	110	6
4	150	111	6
4	150	112	5
4	150	114	5
4	150	115	5
4	150	116	5
4	150	118	5
4	150	119	6
4	150	122	5
4	150	123	5
4	150	124	6
4	150	125	5
4	150	126	6
4	150	127	6
4	150	129	6
4	150	130	6
4	150	132	6
4	150	133	6
4	150	134	6
4	150	135	5
4	150	136	5
4	150	137	6
4	150	138	6
4	150	139	6
4	150	140	6
4	150	141	6
4	150	142	6
4	150	143	6
4	150	144	6
4	150	145	6
4	150	146	6
4	150	147	6
4	150	148	5
4	150	149	5
4	150	151	6
4	150	152	6
4	150	153	6
4	150	154	5
4	150	155	5
4	150	158	6
4	150	159	5
4	150	160	7
4	150	162	5
4	150	163	6
4	150	165	5
4	150	166	7
4	150	169	5
4	150	170	5
4	150	172	5
4	150	173	6
4	150	174	6
4	150	175	6
4	150	176	6
4	150	177	5
4	150	179	6
4	150	180	6
4	150	182	6
4	150	183	5
4	150	184	5
4	150	187	6
4	150	188	6
4	150	189	5
4	150	190	5
4	150	191	6
4	150	192	6
4	150	193	6
4	150	194	6
4	150	196	5
4	150	199	5
4	150	201	6
4	150	202	5
4	150	203	6
5	200	1	6
5	200	5	7
5	200	6	6
5	200	7	6
5	200	8	6
5	200	9	7
5	200	10	5
5	200	11	7
5	200	12	6
5	200	13	6
5	200	14	7
5	200	15	7
5	200	16	6
5	200	17	7
5	200	18	5
5	200	20	7
5	200	21	7
5	200	22	6
5	200	23	7
5	200	24	7
5	200	25	6
5	200	27	7
5	200	28	5
5	200	29	6
5	200	30	6
5	200	32	6
5	200	33	6
5	200	34	6
5	200	35	7
5	200	36	6
5	200	37	6
5	200	38	6
5	200	40	5
5	200	41	6
5	200	42	6
5	200	43	6
5	200	44	5
5	200	46	7
5	200	48	6
5	200	49	5
5	200	51	6
5	200	54	6
5	200	55	6
5	200	56	6
5	200	57	6
5	200	58	6
5	200	59	7
5	200	60	6
5	200	61	6
5	200	62	6
5	200	63	6
5	200	64	6
5	200	65	6
5	200	66	6
5	200	68	6
5	200	69	5
5	200	70	6
5	200	71	6
5	200	72	6
5	200	74	5
5	200	75	6
5	200	77	5
5	200	79	5
5	200	80	6
5	200	82	6
5	200	83	5
5	200	84	6
5	200	85	6
5	200	87	6
5	200	88	6
5	200	90	6
5	200	91	6
5	200	93	7
5	200	95	6
5	200	96	6
5	200	97	6
5	200	98	5
5	200	99	6
5	200	100	6
5	200	101	6
5	200	102	6
5	200	103	6
5	200	104	5
5	200	105	5
5	200	106	6
5	200	107	6
5	200	108	6
5	200	109	6
5	200	110	6
5	200	111	5
5	200	112	6
5	200	113	6
5	200	114	6
5	200	115	7
5	200	116	7
5	200	117	5
5	200	118	6
5	200	120	5
5	200	121	6
5	200	122	5
5	200	124	6
5	200	126	5
5	200	127	6
5	200	128	6
5	200	130	5
5	200	131	6
5	200	133	5
5	200	134	6
5	200	135	6
5	200	136	5
5	200	137	5
5	200	138	6
5	200	139	6
5	200	140	6
5	200	141	5
5	200	143	5
5	200	145	5
5	200	146	5
5	200	147	6
5	200	148	6
5	200	149	5
5	200	150	5
5	200	151	6
5	200	152	5
5	200	153	6
5	200	154	6
5	200	155	5
5	200	156	6
5	200	157	6
5	200	158	7
5	200	159	5
5	200	160	5
5	200	162	6
5	200	163	6
5	200	164	5
5	200	165	6
5	200	166	5
5	200	167	6
5	200	168	5
5	200	169	6
5	200	170	6
5	200	171	6
5	200	172	6
5	200	173	4
5	200	175	5
5	200	176	6
5	200	177	6
5	200	178	5
5	200	181	6
5	200	182	6
5	200	183	6
5	200	184	5
5	200	187	6
5	200	188	6
5	200	189	6
5	200	190	5
5	200	193	6
5	200	195	6
5	200	196	6
5	200	197	5
5	200	198	5
5	200	199	5
5	200	201	6
5	200	203	5
5	200	204	5
5	200	207	6
5	200	217	6
6	250	1	6
6	250	2	7
6	250	3	6
6	250	4	6
6	250	5	7
6	250	6	7
6	250	7	7
6	250	9	7
6	250	11	6
6	250	12	7
6	250	13	5
6	250	14	6
6	250	15	6
6	250	16	5
6	250	17	6
6	250	18	7
6	250	19	7
6	250	20	7
6	250	21	7
6	250	22	6
6	250	23	6
6	250	24	7
6	250	25	7
6	250	27	6
6	250	28	6
6	250	29	6
6	250	30	6
6	250	31	7
6	250	32	6
6	250	33	7
6	250	35	6
6	250	36	7
6	250	37	6
6	250	38	6
6	250	39	6
6	250	40	6
6	250	41	7
6	250	43	5
6	250	44	7
6	250	45	6
6	250	47	6
6	250	49	6
6	250	50	6
6	250	51	6
6	250	52	7
6	250	53	5
6	250	54	6
6	250	55	6
6	250	56	5
6	250	57	6
6	250	59	6
6	250	60	6
6	250	61	6
6	250	62	6
6	250	63	6
6	250	65	6
6	250	66	6
6	250	67	6
6	250	70	6
6	250	71	5
6	250	72	6
6	250	73	4
6	250	74	6
6	250	75	6
6	250	76	5
6	250	78	7
6	250	79	6
6	250	80	5
6	250	81	7
6	250	82	6
6	250	83	6
6	250	84	6
6	250	85	6
6	250	86	5
6	250	88	6
6	250	89	5
6	250	90	6
6	250	91	6
6	250	92	6
6	250	93	6
6	250	94	5
6	250	96	6
6	250	97	6
6	250	98	6
6	250	99	6
6	250	100	6
6	250	101	5
6	250	103	6
6	250	105	6
6	250	106	6
6	250	107	6
6	250	108	6
6	250	109	7
6	250	110	7
6	250	111	6
6	250	112	6
6	250	113	6
6	250	114	5
6	250	117	5
6	250	118	5
6	250	119	6
6	250	121	6
6	250	122	6
6	250	123	6
6	250	124	6
6	250	125	5
6	250	126	6
6	250	127	6
6	250	130	6
6	250	131	6
6	250	132	6
6	250	133	6
6	250	134	5
6	250	135	6
6	250	136	6
6	250	139	6
6	250	141	5
6	250	142	5
6	250	143	6
6	250	144	7
6	250	145	5
6	250	146	5
6	250	147	6
6	250	148	6
6	250	149	6
6	250	151	5
6	250	154	5
6	250	157	6
6	250	158	5
6	250	159	6
6	250	160	6
6	250	161	7
6	250	162	5
6	250	163	6
6	250	164	5
6	250	165	5
6	250	166	6
6	250	167	5
6	250	168	5
6	250	171	6
6	250	172	5
6	250	173	5
6	250	174	6
6	250	175	6
6	250	176	6
6	250	177	5
6	250	179	6
6	250	180	6
6	250	181	5
6	250	183	6
6	250	184	6
6	250	185	5
6	250	187	5
6	250	188	6
6	250	189	6
6	250	190	6
6	250	191	5
6	250	192	6
6	250	193	6
6	250	194	6
6	250	195	6
6	250	198	6
6	250	199	5
6	250	200	5
6	250	201	6
6	250	202	5
6	250	204	5
6	250	208	5
6	250	209	6
6	250	211	5
7	300	0	7
7	300	2	7
7	300	4	6
7	300	5	6
7	300	7	6
7	300	9	7
7	300	10	6
7	300	11	5
7	300	12	7
7	300	13	6
7	300	14	7
7	300	15	7
7	300	16	7
7	300	17	7
7	300	19	7
7	300	20	7
7	300	21	7
7	300	22	6
7	300	23	5
7	300	24	6
7	300	25	6
7	300	26	5
7	300	27	7
7	300	28	7
7	300	29	6
7	300	30	6
7	300	31	6
7	300	32	5
7	300	33	7
7	300	34	6
7	300	35	6
7	300	37	7
7	300	38	6
7	300	39	6
7	300	40	6
7	300	41	6
7	300	42	7
7	300	43	6
7	300	44	6
7	300	45	6
7	300	47	6
7	300	48	6
7	300	49	7
7	300	51	5
7	300	53	6
7	300	54	6
7	300	55	6
7	300	57	6
7	300	58	7
7	300	59	4
7	300	60	5
7	300	61	5
7	300	63	6
7	300	64	6
7	300	65	6
7	300	66	6
7	300	67	6
7	300	68	6
7	300	69	5
7	300	70	6
7	300	72	6
7	300	73	6
7	300	74	6
7	300	75	6
7	300	76	7
7	300	78	5
7	300	79	6
7	300	80	5
7	300	81	6
7	300	82	6
7	300	84	6
7	300	86	6
7	300	87	5
7	300	88	6
7	300	89	6
7	300	92	6
7	300	93	6
7	300	94	6
7	300	96	6
7	300	97	6
7	300	98	6
7	300	100	5
7	300	105	6
7	300	106	6
7	300	107	6
7	300	110	6
7	300	111	6
7	300	112	5
7	300	113	6
7	300	114	6
7	300	115	6
7	300	117	6
7	300	118	7
7	300	119	7
7	300	120	5
7	300	121	6
7	300	122	6
7	300	123	5
7	300	124	7
7	300	125	5
7	300	126	6
7	300	127	6
7	300	129	6
7	300	130	6
7	300	131	6
7	300	132	7
7	300	133	6
7	300	134	6
7	300	135	6
7	300	136	5
7	300	137	5
7	300	138	6
7	300	141	6
7	300	142	6
7	300	143	6
7	300	146	5
7	300	147	5
7	300	148	6
7	300	149	6
7	300	150	6
7	300	151	6
7	300	154	5
7	300	155	7
7	300	156	5
7	300	157	6
7	300	158	6
7	300	159	7
7	300	160	6
7	300	161	6
7	300	162	6
7	300	163	6
7	300	164	6
7	300	165	5
7	300	166	5
7	300	167	5
7	300	168	6
7	300	170	6
7	300	171	6
7	300	172	5
7	300	173	5
7	300	174	6
7	300	175	5
7	300	176	6
7	300	177	5
7	300	178	6
7	300	179	6
7	300	180	6
7	300	181	6
7	300	182	6
7	300	183	6
7	300	184	6
7	300	185	5
7	300	187	6
7	300	190	6
7	300	191	5
7	300	192	5
7	300	193	6
7	300	196	6
7	300	197	5
7	300	198	6
7	300	199	5
7	300	201	5
7	300	203	5
7	300	204	6
7	300	206	6
7	300	209	5
7	300	211	5
7	300	212	6
7	300	214	5
8	350	1	6
8	350	2	7
8	350	3	6
8	350	4	7
8	350	6	6
8	350	7	6
8	350	8	7
8	350	9	6
8	350	10	6
8	350	11	7
8	350	12	7
8	350	13	7
8	350	14	7
8	350	15	6
8	350	16	7
8	350	17	7
8	350	18	5
8	350	19	7
8	350	20	7
8	350	21	7
8	350	22	7
8	350	23	6
8	350	24	7
8	350	25	7
8	350	26	6
8	350	27	6
8	350	28	7
8	350	29	5
8	350	32	6
8	350	33	6
8	350	34	5
8	350	35	6
8	350	36	6
8	350	37	6
8	350	39	7
8	350	40	6
8	350	41	6
8	350	42	6
8	350	44	7
8	350	46	6
8	350	48	7
8	350	49	7
8	350	51	6
8	350	52	6
8	350	53	6
8	350	54	6
8	350	55	6
8	350	56	6
8	350	58	6
8	350	60	6
8	350	61	5
8	350	62	6
8	350	63	5
8	350	64	6
8	350	65	6
8	350	66	6
8	350	67	6
8	350	68	6
8	350	69	6
8	350	70	6
8	350	71	6
8	350	73	7
8	350	74	5
8	350	75	6
8	350	76	6
8	350	79	6
8	350	80	6
8	350	82	6
8	350	83	6
8	350	84	6
8	350	85	6
8	350	86	5
8	350	87	6
8	350	88	6
8	350	89	5
8	350	92	6
8	350	93	6
8	350	94	5
8	350	95	5
8	350	96	5
8	350	98	7
8	350	99	6
8	350	100	6
8	350	101	5
8	350	102	6
8	350	103	6
8	350	104	5
8	350	105	6
8	350	106	6
8	350	107	5
8	350	108	5
8	350	109	5
8	350	110	6
8	350	111	6
8	350	113	7
8	350	114	6
8	350	115	7
8	350	116	6
8	350	117	6
8	350	119	6
8	350	120	6
8	350	122	6
8	350	123	6
8	350	124	6
8	350	125	5
8	350	126	7
8	350	128	6
8	350	129	6
8	350	130	6
8	350	131	6
8	350	132	6
8	350	134	6
8	350	135	5
8	350	136	5
8	350	137	5
8	350	138	5
8	350	139	6
8	350	142	5
8	350	144	6
8	350	145	6
8	350	146	7
8	350	147	6
8	350	148	6
8	350	149	6
8	350	150	5
8	350	151	5
8	350	152	6
8	350	153	6
8	350	155	6
8	350	156	6
8	350	157	6
8	350	158	5
8	350	159	6
8	350	160	5
8	350	161	6
8	350	162	6
8	350	163	5
8	350	164	6
8	350	165	6
8	350	166	6
8	350	167	6
8	350	169	6
8	350	172	5
8	350	173	6
8	350	174	5
8	350	175	6
8	350	176	5
8	350	177	6
8	350	178	6
8	350	181	6
8	350	182	6
8	350	183	6
8	350	184	6
8	350	185	5
8	350	186	5
8	350	187	5
8	350	188	6
8	350	189	5
8	350	190	6
8	350	191	6
8	350	192	5
8	350	193	6
8	350	194	6
8	350	195	6
8	350	197	6
8	350	198	5
8	350	199	5
8	350	200	6
8	350	202	6
8	350	203	5
8	350	209	5
8	350	210	5
8	350	211	6
8	350	216	5
9	400	1	5
9	400	2	7
9	400	3	6
9	400	4	7
9	400	5	6
9	400	6	6
9	400	8	7
9	400	9	6
9	400	10	6
9	400	11	7
9	400	12	5
9	400	13	5
9	400	14	7
9	400	15	6
9	400	16	7
9	400	17	7
9	400	19	6
9	400	20	6
9	400	21	7
9	400	22	7
9	400	23	7
9	400	24	7
9	400	25	6
9	400	26	7
9	400	27	6
9	400	28	7
9	400	29	7
9	400	30	6
9	400	31	6
9	400	33	6
9	400	34	6
9	400	35	7
9	400	36	7
9	400	39	7
9	400	40	6
9	400	41	6
9	400	42	6
9	400	43	7
9	400	44	6
9	400	45	5
9	400	46	6
9	400	47	6
9	400	48	6
9	400	49	6
9	400	50	5
9	400	54	6
9	400	55	5
9	400	56	7
9	400	57	6
9	400	58	6
9	400	60	6
9	400	62	6
9	400	63	6
9	400	64	5
9	400	66	7
9	400	70	6
9	400	71	7
9	400	72	6
9	400	73	7
9	400	74	6
9	400	75	6
9	400	76	6
9	400	77	6
9	400	79	6
9	400	80	6
9	400	81	5
9	400	83	5
9	400	84	6
9	400	85	6
9	400	86	6
9	400	87	6
9	400	88	6
9	400	89	6
9	400	90	6
9	400	91	6
9	400	93	6
9	400	94	6
9	400	95	6
9	400	96	7
9	400	97	6
9	400	98	6
9	400	100	6
9	400	101	6
9	400	102	6
9	400	103	6
9	400	104	6
9	400	105	5
9	400	107	6
9	400	108	7
9	400	109	6
9	400	110	5
9	400	111	6
9	400	112	5
9	400	113	6
9	400	115	6
9	400	116	5
9	400	117	6
9	400	119	6
9	400	121	6
9	400	122	6
9	400	123	6
9	400	124	5
9	400	125	6
9	400	126	5
9	400	128	6
9	400	129	6
9	400	130	5
9	400	131	6
9	400	132	6
9	400	133	5
9	400	134	6
9	400	135	6
9	400	136	5
9	400	137	6
9	400	138	6
9	400	139	6
9	400	140	6
9	400	142	6
9	400	143	6
9	400	145	5
9	400	146	7
9	400	147	6
9	400	148	5
9	400	150	6
9	400	151	6
9	400	152	5
9	400	154	7
9	400	155	5
9	400	156	5
9	400	157	6
9	400	158	6
9	400	159	5
9	400	160	6
9	400	161	6
9	400	162	6
9	400	163	6
9	400	164	5
9	400	165	6
9	400	166	6
9	400	167	6
9	400	168	6
9	400	169	5
9	400	170	5
9	400	171	6
9	400	172	5
9	400	173	5
9	400	174	6
9	400	175	6
9	400	177	6
9	400	178	6
9	400	179	5
9	400	180	6
9	400	181	6
9	400	183	5
9	400	184	5
9	400	185	5
9	400	186	5
9	400	187	6
9	400	188	6
9	400	197	6
9	400	198	6
9	400	199	5
9	400	200	6
9	400	201	6
9	400	202	5
9	400	203	5
9	400	205	6
9	400	207	5
9	400	208	5
9	400	209	6
9	400	210	5
9	400	211	5
9	400	214	5
9	400	216	7
9	400	217	6
9	400	219	6
10	450	1	7
10	450	2	7
10	450	3	6
10	450	5	7
10	450	6	7
10	450	7	6
10	450	8	6
10	450	9	6
10	450	11	7
10	450	12	6
10	450	13	7
10	450	14	7
10	450	15	5
10	450	17	6
10	450	18	6
10	450	19	7
10	450	20	7
10	450	21	6
10	450	22	7
10	450	23	6
10	450	24	6
10	450	25	7
10	450	27	7
10	450	28	6
10	450	29	6
10	450	30	6
10	450	31	7
10	450	34	7
10	450	35	6
10	450	36	5
10	450	37	6
10	450	38	5
10	450	39	6
10	450	41	7
10	450	42	6
10	450	44	6
10	450	45	5
10	450	46	6
10	450	47	6
10	450	48	6
10	450	52	5
10	450	53	7
10	450	54	7
10	450	55	6
10	450	56	6
10	450	57	6
10	450	58	7
10	450	59	6
10	450	60	7
10	450	61	7
10	450	63	7
10	450	64	6
10	450	65	6
10	450	66	7
10	450	67	6
10	450	69	7
10	450	70	6
10	450	71	6
10	450	72	6
10	450	73	5
10	450	74	6
10	450	75	6
10	450	76	6
10	450	77	6
10	450	79	6
10	450	81	7
10	450	83	5
10	450	86	6
10	450	87	6
10	450	88	6
10	450	89	6
10	450	90	6
10	450	91	7
10	450	92	6
10	450	94	6
10	450	95	6
10	450	96	6
10	450	97	6
10	450	98	6
10	450	100	6
10	450	103	6
10	450	104	5
10	450	105	6
10	450	106	5
10	450	108	6
10	450	109	5
10	450	110	6
10	450	112	6
10	450	113	7
10	450	114	6
10	450	115	5
10	450	116	6
10	450	117	6
10	450	118	5
10	450	120	6
10	450	121	6
10	450	122	6
10	450	123	6
10	450	124	5
10	450	125	5
10	450	126	6
10	450	127	6
10	450	128	7
10	450	129	6
10	450	131	5
10	450	132	5
10	450	133	6
10	450	134	6
10	450	135	6
10	450	136	6
10	450	137	6
10	450	138	5
10	450	139	6
10	450	140	5
10	450	141	5
10	450	142	7
10	450	143	5
10	450	145	6
10	450	146	6
10	450	147	5
10	450	148	6
10	450	149	6
10	450	151	6
10	450	152	5
10	450	153	6
10	450	155	6
10	450	156	6
10	450	157	6
10	450	158	5
10	450	159	6
10	450	160	6
10	450	161	6
10	450	162	6
10	450	164	5
10	450	165	5
10	450	167	5
10	450	168	6
10	450	169	6
10	450	170	6
10	450	172	6
10	450	175	5
10	450	176	6
10	450	177	6
10	450	178	6
10	450	179	6
10	450	180	6
10	450	181	6
10	450	184	5
10	450	185	6
10	450	186	5
10	450	189	6
10	450	190	6
10	450	191	5
10	450	193	5
10	450	194	6
10	450	195	6
10	450	196	6
10	450	197	6
10	450	199	6
10	450	200	5
10	450	202	5
10	450	203	5
10	450	204	5
10	450	207	5
10	450	208	6
10	450	210	6
10	450	211	6
10	450	214	5
10	450	215	5
10	450	216	6
10	450	217	5
10	450	218	5
10	450	220	6
10	450	228	6
11	500	0	7
11	500	1	7
11	500	2	6
11	500	3	6
11	500	4	6
11	500	7	7
11	500	8	6
11	500	9	5
11	500	10	7
11	500	11	6
11	500	12	6
11	500	13	7
11	500	14	7
11	500	15	6
11	500	16	6
11	500	17	7
11	500	18	7
11	500	19	6
11	500	20	6
11	500	21	7
11	500	22	5
11	500	23	6
11	500	24	7
11	500	25	6
11	500	26	5
11	500	29	7
11	500	30	6
11	500	31	6
11	500	32	6
11	500	33	7
11	500	34	6
11	500	35	6
11	500	36	6
11	500	38	5
11	500	39	6
11	500	40	7
11	500	41	6
11	500	42	7
11	500	43	6
11	500	45	7
11	500	46	5
11	500	47	6
11	500	48	6
11	500	52	7
11	500	54	6
11	500	55	7
11	500	56	6
11	500	57	7
11	500	58	6
11	500	59	5
11	500	61	6
11	500	63	7
11	500	65	6
11	500	66	5
11	500	67	6
11	500	69	7
11	500	70	5
11	500	71	5
11	500	72	5
11	500	74	7
11	500	75	6
11	500	76	6
11	500	78	7
11	500	79	6
11	500	83	6
11	500	84	5
11	500	85	6
11	500	86	7
11	500	87	7
11	500	89	6
11	500	90	6
11	500	91	6
11	500	93	6
11	500	94	7
11	500	95	6
11	500	96	6
11	500	97	5
11	500	98	6
11	500	99	6
11	500	100	6
11	500	101	6
11	500	102	6
11	500	103	6
11	500	104	6
11	500	105	6
11	500	107	6
11	500	108	5
11	500	109	5
11	500	110	5
11	500	111	5
11	500	113	6
11	500	114	6
11	500	115	5
11	500	116	6
11	500	117	6
11	500	118	6
11	500	119	7
11	500	120	5
11	500	121	6
11	500	122	5
11	500	123	6
11	500	124	6
11	500	125	6
11	500	126	6
11	500	128	6
11	500	130	5
11	500	131	5
11	500	132	5
11	500	134	6
11	500	135	5
11	500	136	6
11	500	137	6
11	500	140	7
11	500	141	6
11	500	142	6
11	500	143	6
11	500	144	6
11	500	145	6
11	500	146	6
11	500	147	6
11	500	148	6
11	500	149	7
11	500	151	6
11	500	152	5
11	500	153	6
11	500	154	5
11	500	155	5
11	500	159	6
11	500	160	6
11	500	161	7
11	500	162	5
11	500	163	5
11	500	164	6
11	500	165	6
11	500	166	5
11	500	167	6
11	500	169	6
11	500	170	6
11	500	171	6
11	500	172	5
11	500	173	6
11	500	174	6
11	500	175	6
11	500	176	6
11	500	177	6
11	500	178	6
11	500	180	5
11	500	181	6
11	500	182	5
11	500	184	6
11	500	185	5
11	500	186	6
11	500	187	6
11	500	188	6
11	500	189	5
11	500	190	6
11	500	193	6
11	500	194	5
11	500	195	6
11	500	196	5
11	500	197	5
11	500	198	6
11	500	199	5
11	500	200	5
11	500	201	6
11	500	202	6
11	500	203	5
11	500	204	6
11	500	207	6
11	500	208	5
11	500	210	6
11	500	211	6
11	500	212	5
11	500	214	5
11	500	216	5
11	500	220	5
11	500	221	6
11	500	224	6
11	500	237	6
12	550	1	6
12	550	3	6
12	550	5	6
12	550	6	6
12	550	8	7
12	550	10	7
12	550	11	7
12	550	12	6
12	550	13	7
12	550	14	7
12	550	15	6
12	550	17	7
12	550	18	5
12	550	19	6
12	550	20	7
12	550	21	6
12	550	22	6
12	550	23	6
12	550	24	6
12	550	25	7
12	550	26	6
12	550	27	5
12	550	29	5
12	550	30	6
12	550	32	6
12	550	34	7
12	550	36	6
12	550	37	7
12	550	38	7
12	550	39	6
12	550	40	6
12	550	41	7
12	550	42	7
12	550	43	6
12	550	45	6
12	550	46	7
12	550	47	6
12	550	50	7
12	550	51	6
12	550	52	7
12	550	54	7
12	550	55	6
12	550	56	5
12	550	58	5
12	550	59	6
12	550	60	6
12	550	61	6
12	550	62	6
12	550	63	7
12	550	65	6
12	550	66	7
12	550	67	6
12	550	68	6
12	550	69	5
12	550	70	6
12	550	71	6
12	550	74	6
12	550	75	6
12	550	77	6
12	550	80	7
12	550	81	6
12	550	82	5
12	550	83	6
12	550	84	6
12	550	85	6
12	550	86	6
12	550	87	6
12	550	88	7
12	550	89	6
12	550	90	5
12	550	91	7
12	550	93	5
12	550	95	6
12	550	96	5
12	550	97	6
12	550	98	6
12	550	100	6
12	550	101	6
12	550	102	5
12	550	103	6
12	550	106	6
12	550	107	6
12	550	108	6
12	550	109	7
12	550	110	7
12	550	111	5
12	550	112	6
12	550	113	6
12	550	114	6
12	550	115	5
12	550	116	5
12	550	117	6
12	550	119	6
12	550	120	5
12	550	123	5
12	550	124	6
12	550	125	6
12	550	126	6
12	550	127	5
12	550	128	5
12	550	129	6
12	550	130	6
12	550	131	5
12	550	132	6
12	550	133	5
12	550	134	6
12	550	135	6
12	550	136	7
12	550	137	6
12	550	138	6
12	550	139	6
12	550	140	5
12	550	143	5
12	550	146	6
12	550	147	5
12	550	149	6
12	550	150	6
12	550	151	6
12	550	153	5
12	550	154	7
12	550	155	5
12	550	157	6
12	550	159	6
12	550	160	6
12	550	161	5
12	550	162	6
12	550	163	5
12	550	164	6
12	550	165	6
12	550	166	6
12	550	168	6
12	550	169	5
12	550	170	6
12	550	171	6
12	550	172	6
12	550	173	6
12	550	174	6
12	550	176	5
12	550	177	6
12	550	178	6
12	550	179	6
12	550	180	6
12	550	182	6
12	550	183	6
12	550	184	6
12	550	185	6
12	550	186	5
12	550	187	6
12	550	188	6
12	550	189	7
12	550	191	5
12	550	192	6
12	550	193	6
12	550	194	6
12	550	195	5
12	550	196	5
12	550	198	5
12	550	199	5
12	550	200	6
12	550	201	5
12	550	202	6
12	550	203	5
12	550	204	6
12	550	206	6
12	550	207	5
12	550	208	5
12	550	209	5
12	550	210	6
12	550	213	6
12	550	214	6
12	550	215	5
12	550	216	6
12	550	217	5
12	550	218	5
12	550	220	6
12	550	221	6
12	550	222	5
12	550	224	6
13	600	1	7
13	600	2	6
13	600	5	6
13	600	6	6
13	600	7	7
13	600	8	6
13	600	9	6
13	600	11	7
13	600	12	6
13	600	13	6
13	600	14	6
13	600	15	7
13	600	17	6
13	600	18	7
13	600	19	6
13	600	20	7
13	600	21	7
13	600	22	6
13	600	23	6
13	600	24	7
13	600	26	7
13	600	28	7
13	600	30	6
13	600	31	7
13	600	32	6
13	600	33	7
13	600	35	6
13	600	36	6
13	600	37	6
13	600	38	7
13	600	39	5
13	600	40	7
13	600	42	5
13	600	43	7
13	600	44	5
13	600	47	6
13	600	48	6
13	600	50	7
13	600	51	5
13	600	52	7
13	600	53	7
13	600	54	6
13	600	55	7
13	600	56	6
13	600	57	7
13	600	59	6
13	600	60	6
13	600	61	5
13	600	62	5
13	600	63	5
13	600	64	6
13	600	65	5
13	600	66	6
13	600	69	6
13	600	70	6
13	600	71	6
13	600	73	5
13	600	74	7
13	600	75	6
13	600	76	6
13	600	77	7
13	600	79	6
13	600	80	5
13	600	82	5
13	600	83	7
13	600	84	6
13	600	85	7
13	600	86	6
13	600	87	6
13	600	88	6
13	600	90	6
13	600	91	6
13	600	93	7
13	600	94	6
13	600	95	6
13	600	96	6
13	600	97	6
13	600	98	6
13	600	99	6
13	600	100	6
13	600	101	5
13	600	103	7
13	600	104	6
13	600	105	6
13	600	106	5
13	600	107	6
13	600	108	5
13	600	109	6
13	600	110	6
13	600	111	6
13	600	113	5
13	600	114	6
13	600	115	6
13	600	117	5
13	600	119	6
13	600	120	6
13	600	122	6
13	600	123	6
13	600	124	6
13	600	126	6
13	600	127	7
13	600	128	5
13	600	129	5
13	600	130	6
13	600	131	6
13	600	132	6
13	600	133	6
13	600	134	7
13	600	135	6
13	600	136	6
13	600	137	6
13	600	138	6
13	600	140	5
13	600	141	6
13	600	142	6
13	600	144	5
13	600	145	6
13	600	146	6
13	600	147	5
13	600	148	6
13	600	150	6
13	600	151	6
13	600	152	6
13	600	153	5
13	600	154	5
13	600	156	6
13	600	157	5
13	600	161	5
13	600	162	5
13	600	163	5
13	600	164	6
13	600	165	5
13	600	166	6
13	600	167	6
13	600	169	6
13	600	170	6
13	600	171	6
13	600	172	6
13	600	173	5
13	600	174	6
13	600	175	6
13	600	176	6
13	600	177	6
13	600	180	6
13	600	181	6
13	600	182	6
13	600	183	6
13	600	184	6
13	600	185	6
13	600	187	6
13	600	188	5
13	600	189	6
13	600	190	5
13	600	192	6
13	600	193	6
13	600	194	6
13	600	196	6
13	600	197	7
13	600	198	6
13	600	201	5
13	600	202	5
13	600	203	5
13	600	204	5
13	600	205	6
13	600	206	5
13	600	207	6
13	600	208	6
13	600	209	5
13	600	210	5
13	600	212	5
13	600	213	5
13	600	214	6
13	600	216	6
13	600	217	6
13	600	218	6
13	600	219	5
13	600	220	6
13	600	221	5
13	600	222	5
13	600	223	5
13	600	225	6
13	600	226	6
13	600	229	6
14	650	0	6
14	650	3	7
14	650	4	6
14	650	7	6
14	650	8	7
14	650	10	7
14	650	12	7
14	650	13	6
14	650	17	7
14	650	18	6
14	650	20	6
14	650	21	6
14	650	22	6
14	650	23	6
14	650	24	6
14	650	25	7
14	650	27	7
14	650	28	7
14	650	29	6
14	650	30	5
14	650	31	7
14	650	32	7
14	650	33	7
14	650	34	6
14	650	37	7
14	650	38	6
14	650	40	7
14	650	41	6
14	650	42	5
14	650	43	7
14	650	44	6
14	650	45	5
14	650	47	6
14	650	48	7
14	650	49	6
14	650	51	5
14	650	52	6
14	650	53	6
14	650	54	7
14	650	55	8
14	650	57	6
14	650	58	6
14	650	60	6
14	650	61	6
14	650	63	5
14	650	64	7
14	650	65	7
14	650	66	5
14	650	68	6
14	650	69	6
14	650	72	7
14	650	73	6
14	650	74	6
14	650	75	6
14	650	76	5
14	650	77	7
14	650	78	5
14	650	80	6
14	650	81	6
14	650	82	6
14	650	83	7
14	650	84	6
14	650	85	7
14	650	86	6
14	650	87	6
14	650	88	6
14	650	89	6
14	650	90	7
14	650	91	6
14	650	92	6
14	650	93	6
14	650	94	6
14	650	96	7
14	650	97	6
14	650	100	5
14	650	101	6
14	650	102	5
14	650	104	5
14	650	106	6
14	650	107	6
14	650	109	6
14	650	110	7
14	650	111	5
14	650	112	6
14	650	113	6
14	650	114	6
14	650	115	6
14	650	116	6
14	650	117	6
14	650	118	6
14	650	119	6
14	650	120	5
14	650	121	7
14	650	122	5
14	650	123	6
14	650	125	6
14	650	126	7
14	650	127	5
14	650	128	6
14	650	129	6
14	650	131	6
14	650	132	5
14	650	133	5
14	650	134	6
14	650	135	6
14	650	137	6
14	650	138	6
14	650	139	5
14	650	140	6
14	650	144	6
14	650	145	5
14	650	146	6
14	650	147	6
14	650	148	6
14	650	149	5
14	650	150	6
14	650	151	6
14	650	153	6
14	650	154	6
14	650	156	6
14	650	158	7
14	650	159	6
14	650	160	6
14	650	161	6
14	650	163	6
14	650	164	6
14	650	165	5
14	650	166	6
14	650	167	6
14	650	168	6
14	650	170	5
14	650	171	6
14	650	172	6
14	650	173	6
14	650	174	6
14	650	175	6
14	650	177	6
14	650	178	6
14	650	179	6
14	650	180	5
14	650	181	5
14	650	182	5
14	650	184	5
14	650	185	5
14	650	186	6
14	650	187	6
14	650	188	6
14	650	189	6
14	650	190	5
14	650	191	7
14	650	192	6
14	650	193	6
14	650	194	5
14	650	195	5
14	650	196	6
14	650	197	6
14	650	199	6
14	650	201	6
14	650	202	6
14	650	203	5
14	650	204	5
14	650	205	6
14	650	206	5
14	650	209	6
14	650	210	5
14	650	212	5
14	650	214	6
14	650	215	6
14	650	216	6
14	650	217	6
14	650	218	6
14	650	220	6
14	650	221	6
14	650	222	5
14	650	223	6
14	650	224	5
14	650	227	5
14	650	229	6
14	650	231	6
14	650	232	6
14	650	236	6
14	650	238	5
15	700	0	6
15	700	1	5
15	700	3	7
15	700	4	6
15	700	6	6
15	700	9	6
15	700	10	7
15	700	12	5
15	700	13	6
15	700	14	6
15	700	16	5
15	700	17	6
15	700	18	6
15	700	19	7
15	700	20	6
15	700	21	7
15	700	22	7
15	700	23	7
15	700	24	6
15	700	25	6
15	700	26	6
15	700	27	5
15	700	28	6
15	700	29	6
15	700	31	6
15	700	34	7
15	700	35	7
15	700	36	7
15	700	37	5
15	700	39	7
15	700	40	7
15	700	41	7
15	700	42	6
15	700	43	6
15	700	47	5
15	700	49	6
15	700	50	7
15	700	51	7
15	700	52	6
15	700	53	6
15	700	54	6
15	700	56	6
15	700	57	6
15	700	58	5
15	700	59	6
15	700	60	7
15	700	61	7
15	700	62	7
15	700	63	6
15	700	64	6
15	700	65	5
15	700	66	6
15	700	67	6
15	700	68	8
15	700	69	7
15	700	70	6
15	700	71	6
15	700	72	6
15	700	73	7
15	700	74	6
15	700	75	6
15	700	77	6
15	700	78	6
15	700	79	6
15	700	81	5
15	700	82	5
15	700	83	6
15	700	84	5
15	700	85	7
15	700	88	6
15	700	89	5
15	700	92	8
15	700	94	6
15	700	95	6
15	700	96	6
15	700	97	7
15	700	98	6
15	700	99	6
15	700	100	5
15	700	101	6
15	700	103	6
15	700	104	7
15	700	105	5
15	700	106	7
15	700	107	6
15	700	108	7
15	700	109	5
15	700	110	6
15	700	111	6
15	700	112	7
15	700	113	6
15	700	114	6
15	700	115	6
15	700	117	6
15	700	118	6
15	700	120	6
15	700	121	7
15	700	122	6
15	700	123	7
15	700	124	5
15	700	126	5
15	700	127	7
15	700	128	6
15	700	129	7
15	700	130	6
15	700	131	6
15	700	132	6
15	700	133	5
15	700	134	7
15	700	135	6
15	700	136	7
15	700	137	5
15	700	140	6
15	700	141	6
15	700	144	5
15	700	145	6
15	700	146	6
15	700	147	6
15	700	148	6
15	700	149	5
15	700	150	6
15	700	151	6
15	700	152	6
15	700	153	5
15	700	154	6
15	700	155	6
15	700	156	6
15	700	157	6
15	700	159	7
15	700	160	5
15	700	161	6
15	700	162	5
15	700	163	6
15	700	164	5
15	700	165	6
15	700	166	6
15	700	167	6
15	700	168	6
15	700	169	6
15	700	172	6
15	700	173	6
15	700	174	6
15	700	175	6
15	700	176	5
15	700	177	6
15	700	178	5
15	700	179	6
15	700	180	6
15	700	182	5
15	700	183	5
15	700	184	6
15	700	185	5
15	700	186	6
15	700	188	6
15	700	189	6
15	700	190	6
15	700	191	6
15	700	192	5
15	700	193	5
15	700	194	6
15	700	195	6
15	700	196	6
15	700	197	6
15	700	199	6
15	700	200	6
15	700	201	6
15	700	202	6
15	700	203	6
15	700	206	5
15	700	207	5
15	700	209	5
15	700	210	6
15	700	211	5
15	700	212	5
15	700	213	6
15	700	216	5
15	700	218	5
15	700	221	5
15	700	222	5
15	700	224	6
15	700	225	5
15	700	227	5
15	700	228	5
15	700	229	5
15	700	232	6
15	700	235	6
15	700	237	6
15	700	238	6
15	700	252	6
15	700	263	6
16	750	2	7
16	750	3	7
16	750	5	6
16	750	6	6
16	750	8	6
16	750	9	6
16	750	11	7
16	750	12	5
16	750	13	6
16	750	14	6
16	750	15	6
16	750	16	6
16	750	18	6
16	750	19	6
16	750	20	6
16	750	23	5
16	750	24	7
16	750	25	8
16	750	27	6
16	750	28	7
16	750	29	7
16	750	30	6
16	750	31	7
16	750	34	6
16	750	35	6
16	750	37	7
16	750	38	6
16	750	39	6
16	750	40	6
16	750	41	7
16	750	42	6
16	750	44	7
16	750	45	6
16	750	46	7
16	750	48	5
16	750	49	5
16	750	50	6
16	750	51	6
16	750	52	5
16	750	53	7
16	750	54	7
16	750	55	7
16	750	56	7
16	750	57	7
16	750	58	6
16	750	59	5
16	750	60	6
16	750	61	5
16	750	64	8
16	750	65	6
16	750	66	5
16	750	67	6
16	750	68	6
16	750	69	6
16	750	70	7
16	750	71	5
16	750	73	6
16	750	74	5
16	750	75	6
16	750	76	6
16	750	77	6
16	750	78	6
16	750	79	6
16	750	81	6
16	750	82	6
16	750	83	6
16	750	84	6
16	750	85	6
16	750	87	6
16	750	89	7
16	750	90	5
16	750	91	6
16	750	93	6
16	750	94	6
16	750	97	6
16	750	98	6
16	750	99	6
16	750	100	7
16	750	103	5
16	750	104	6
16	750	105	7
16	750	106	7
16	750	108	6
16	750	109	6
16	750	110	5
16	750	111	7
16	750	114	7
16	750	116	6
16	750	118	6
16	750	119	6
16	750	120	6
16	750	121	7
16	750	122	5
16	750	124	7
16	750	125	6
16	750	126	5
16	750	127	6
16	750	128	6
16	750	130	6
16	750	131	6
16	750	133	6
16	750	134	6
16	750	135	6
16	750	136	6
16	750	137	5
16	750	138	7
16	750	139	5
16	750	140	7
16	750	141	6
16	750	143	7
16	750	144	6
16	750	145	6
16	750	146	6
16	750	147	6
16	750	150	5
16	750	151	6
16	750	153	5
16	750	154	6
16	750	155	6
16	750	156	6
16	750	158	6
16	750	159	6
16	750	160	8
16	750	161	5
16	750	162	5
16	750	163	6
16	750	164	6
16	750	165	6
16	750	166	6
16	750	167	6
16	750	168	6
16	750	170	7
16	750	171	5
16	750	172	6
16	750	173	6
16	750	174	6
16	750	176	6
16	750	177	5
16	750	178	6
16	750	179	5
16	750	181	6
16	750	182	5
16	750	183	5
16	750	184	5
16	750	185	6
16	750	186	6
16	750	187	5
16	750	188	6
16	750	189	6
16	750	191	6
16	750	192	6
16	750	193	6
16	750	194	5
16	750	196	6
16	750	197	6
16	750	198	6
16	750	200	5
16	750	201	6
16	750	202	6
16	750	203	6
16	750	205	6
16	750	207	6
16	750	208	7
16	750	209	5
16	750	211	6
16	750	212	6
16	750	213	6
16	750	214	5
16	750	216	7
16	750	217	6
16	750	218	5
16	750	219	5
16	750	220	5
16	750	221	6
16	750	224	5
16	750	225	5
16	750	226	6
16	750	228	6
16	750	229	6
16	750	230	5
16	750	231	5
16	750	232	6
16	750	233	5
16	750	234	4
16	750	237	6
16	750	256	5
16	750	270	6
16	750	278	6
17	800	0	7
17	800	1	6
17	800	2	7
17	800	3	7
17	800	6	6
17	800	7	8
17	800	11	7
17	800	12	6
17	800	13	6
17	800	14	6
17	800	15	6
17	800	16	7
17	800	17	7
17	800	18	6
17	800	20	6
17	800	22	6
17	800	26	7
17	800	27	6
17	800	28	7
17	800	30	7
17	800	31	7
17	800	34	6
17	800	35	7
17	800	36	7
17	800	37	7
17	800	38	6
17	800	39	6
17	800	40	7
17	800	41	5
17	800	42	7
17	800	43	5
17	800	44	5
17	800	45	7
17	800	46	6
17	800	47	7
17	800	48	7
17	800	51	6
17	800	52	6
17	800	53	7
17	800	54	6
17	800	55	7
17	800	56	7
17	800	57	6
17	800	58	5
17	800	59	6
17	800	60	7
17	800	61	6
17	800	62	7
17	800	63	5
17	800	64	6
17	800	65	6
17	800	66	6
17	800	68	6
17	800	71	6
17	800	73	6
17	800	74	6
17	800	76	6
17	800	77	6
17	800	80	6
17	800	81	6
17	800	82	7
17	800	83	6
17	800	85	7
17	800	87	6
17	800	88	6
17	800	89	6
17	800	90	6
17	800	91	6
17	800	92	6
17	800	93	7
17	800	94	5
17	800	95	6
17	800	98	6
17	800	99	7
17	800	100	7
17	800	101	6
17	800	102	6
17	800	103	6
17	800	105	6
17	800	108	6
17	800	109	6
17	800	111	6
17	800	112	6
17	800	113	6
17	800	114	7
17	800	115	8
17	800	116	6
17	800	117	5
17	800	118	7
17	800	121	5
17	800	122	5
17	800	123	6
17	800	124	5
17	800	125	7
17	800	126	5
17	800	127	6
17	800	128	5
17	800	129	6
17	800	135	6
17	800	137	5
17	800	138	6
17	800	139	6
17	800	140	6
17	800	142	6
17	800	143	6
17	800	144	7
17	800	145	6
17	800	146	6
17	800	147	7
17	800	148	4
17	800	149	6
17	800	150	6
17	800	151	6
17	800	153	5
17	800	154	5
17	800	155	6
17	800	156	6
17	800	157	6
17	800	158	6
17	800	159	6
17	800	160	6
17	800	162	5
17	800	163	6
17	800	164	7
17	800	165	6
17	800	166	6
17	800	168	6
17	800	169	6
17	800	170	6
17	800	172	6
17	800	173	7
17	800	174	6
17	800	175	6
17	800	176	5
17	800	177	6
17	800	180	5
17	800	184	6
17	800	185	5
17	800	187	5
17	800	188	5
17	800	189	6
17	800	190	6
17	800	191	6
17	800	193	6
17	800	194	6
17	800	196	6
17	800	197	6
17	800	198	5
17	800	199	5
17	800	200	6
17	800	201	6
17	800	203	5
17	800	204	6
17	800	206	6
17	800	207	6
17	800	208	6
17	800	210	6
17	800	211	5
17	800	212	6
17	800	213	5
17	800	214	5
17	800	215	6
17	800	216	6
17	800	217	6
17	800	218	6
17	800	219	6
17	800	220	5
17	800	221	6
17	800	222	6
17	800	223	5
17	800	224	6
17	800	225	6
17	800	226	6
17	800	227	6
17	800	228	5
17	800	229	6
17	800	231	6
17	800	232	6
17	800	234	6
17	800	236	6
17	800	239	5
17	800	241	6
17	800	242	7
17	800	246	7
17	800	266	5
17	800	277	6
18	850	1	6
18	850	4	5
18	850	6	7
18	850	7	6
18	850	8	7
18	850	9	6
18	850	10	7
18	850	11	8
18	850	12	6
18	850	13	6
18	850	14	7
18	850	15	6
18	850	17	5
18	850	18	6
18	850	19	6
18	850	20	6
18	850	21	6
18	850	22	6
18	850	23	5
18	850	24	6
18	850	27	7
18	850	28	7
18	850	30	5
18	850	31	6
18	850	32	6
18	850	34	6
18	850	35	6
18	850	36	7
18	850	37	6
18	850	38	6
18	850	39	6
18	850	40	6
18	850	41	6
18	850	43	7
18	850	44	6
18	850	45	7
18	850	46	6
18	850	47	7
18	850	48	7
18	850	49	7
18	850	51	6
18	850	52	8
18	850	53	6
18	850	55	6
18	850	56	6
18	850	58	6
18	850	61	6
18	850	62	7
18	850	63	7
18	850	64	7
18	850	65	6
18	850	66	6
18	850	67	7
18	850	68	6
18	850	69	6
18	850	70	6
18	850	71	5
18	850	72	6
18	850	73	6
18	850	74	7
18	850	76	6
18	850	77	8
18	850	78	6
18	850	80	7
18	850	81	6
18	850	82	6
18	850	85	6
18	850	87	6
18	850	88	6
18	850	89	6
18	850	90	6
18	850	91	6
18	850	93	6
18	850	94	5
18	850	95	7
18	850	96	6
18	850	97	6
18	850	98	6
18	850	99	6
18	850	100	6
18	850	102	7
18	850	103	6
18	850	105	7
18	850	107	5
18	850	108	7
18	850	109	6
18	850	110	6
18	850	113	6
18	850	114	5
18	850	115	5
18	850	119	7
18	850	120	5
18	850	121	7
18	850	122	7
18	850	123	7
18	850	124	6
18	850	125	6
18	850	127	5
18	850	128	6
18	850	129	5
18	850	130	6
18	850	131	6
18	850	132	7
18	850	133	6
18	850	134	5
18	850	135	6
18	850	137	6
18	850	138	6
18	850	139	6
18	850	140	7
18	850	141	6
18	850	143	6
18	850	144	6
18	850	145	6
18	850	147	6
18	850	149	6
18	850	150	6
18	850	151	7
18	850	153	6
18	850	155	6
18	850	156	6
18	850	157	6
18	850	160	6
18	850	161	5
18	850	162	6
18	850	164	5
18	850	165	6
18	850	167	6
18	850	168	6
18	850	169	5
18	850	170	6
18	850	172	6
18	850	173	6
18	850	175	6
18	850	176	6
18	850	178	6
18	850	179	6
18	850	180	5
18	850	181	4
18	850	182	6
18	850	183	6
18	850	184	7
18	850	185	6
18	850	187	6
18	850	188	5
18	850	189	6
18	850	191	6
18	850	192	6
18	850	193	6
18	850	194	6
18	850	195	6
18	850	196	5
18	850	197	5
18	850	199	6
18	850	200	5
18	850	201	6
18	850	202	7
18	850	204	6
18	850	205	6
18	850	207	6
18	850	208	5
18	850	209	6
18	850	210	6
18	850	212	5
18	850	213	6
18	850	214	6
18	850	216	6
18	850	217	6
18	850	221	6
18	850	222	6
18	850	223	5
18	850	225	5
18	850	226	6
18	850	227	6
18	850	228	6
18	850	230	5
18	850	231	6
18	850	232	5
18	850	233	6
18	850	234	6
18	850	236	6
18	850	237	6
18	850	238	5
18	850	241	6
18	850	246	6
18	850	247	5
18	850	259	6
18	850	269	6
18	850	274	5
18	850	282	5
18	850	284	6
19	900	0	7
19	900	2	8
19	900	3	6
19	900	4	5
19	900	5	6
19	900	6	6
19	900	7	6
19	900	9	6
19	900	10	6
19	900	11	5
19	900	12	7
19	900	13	7
19	900	15	8
19	900	16	6
19	900	17	6
19	900	18	7
19	900	19	6
19	900	21	6
19	900	25	6
19	900	26	7
19	900	27	6
19	900	28	7
19	900	29	6
19	900	30	7
19	900	31	7
19	900	32	6
19	900	33	7
19	900	34	7
19	900	35	6
19	900	36	6
19	900	37	6
19	900	38	7
19	900	39	6
19	900	41	7
19	900	42	6
19	900	44	7
19	900	46	5
19	900	47	7
19	900	48	7
19	900	50	6
19	900	51	7
19	900	52	5
19	900	53	7
19	900	55	7
19	900	56	6
19	900	58	7
19	900	60	6
19	900	61	5
19	900	62	7
19	900	63	6
19	900	64	5
19	900	65	7
19	900	66	7
19	900	67	6
19	900	68	7
19	900	69	5
19	900	71	5
19	900	72	5
19	900	73	5
19	900	75	6
19	900	77	6
19	900	78	8
19	900	79	6
19	900	80	7
19	900	82	6
19	900	84	6
19	900	85	6
19	900	86	6
19	900	89	5
19	900	91	8
19	900	93	7
19	900	94	6
19	900	96	7
19	900	97	7
19	900	99	5
19	900	101	6
19	900	103	7
19	900	104	6
19	900	105	6
19	900	106	6
19	900	107	6
19	900	109	5
19	900	110	6
19	900	111	6
19	900	112	6
19	900	113	6
19	900	114	6
19	900	115	6
19	900	117	5
19	900	119	6
19	900	120	6
19	900	121	6
19	900	124	6
19	900	126	7
19	900	127	5
19	900	128	7
19	900	130	7
19	900	131	6
19	900	132	7
19	900	133	6
19	900	135	6
19	900	136	6
19	900	137	7
19	900	138	6
19	900	139	6
19	900	140	6
19	900	141	6
19	900	142	6
19	900	144	6
19	900	145	6
19	900	146	5
19	900	147	6
19	900	148	6
19	900	149	6
19	900	150	6
19	900	151	6
19	900	153	6
19	900	154	6
19	900	155	7
19	900	159	6
19	900	160	7
19	900	161	6
19	900	163	6
19	900	165	5
19	900	166	7
19	900	167	5
19	900	168	6
19	900	170	7
19	900	171	6
19	900	173	5
19	900	174	6
19	900	176	6
19	900	178	6
19	900	180	6
19	900	181	6
19	900	182	6
19	900	183	6
19	900	184	6
19	900	185	6
19	900	186	7
19	900	187	5
19	900	188	6
19	900	189	5
19	900	190	6
19	900	191	6
19	900	192	6
19	900	193	6
19	900	194	6
19	900	195	6
19	900	196	6
19	900	198	5
19	900	199	5
19	900	200	7
19	900	202	6
19	900	204	6
19	900	205	5
19	900	206	5
19	900	207	7
19	900	208	6
19	900	209	6
19	900	212	6
19	900	215	8
19	900	217	6
19	900	218	6
19	900	219	5
19	900	221	5
19	900	223	5
19	900	224	6
19	900	225	7
19	900	228	6
19	900	230	6
19	900	233	5
19	900	234	6
19	900	235	6
19	900	236	6
19	900	237	5
19	900	238	6
19	900	239	6
19	900	240	6
19	900	243	6
19	900	245	6
19	900	246	6
19	900	251	6
19	900	252	6
19	900	256	5
19	900	257	6
19	900	272	6
19	900	274	7
19	900	280	7
19	900	281	6
19	900	288	5
20	950	0	6
20	950	3	7
20	950	6	7
20	950	7	7
20	950	10	7
20	950	12	8
20	950	13	5
20	950	14	7
20	950	15	6
20	950	16	6
20	950	19	6
20	950	21	8
20	950	22	6
20	950	23	7
20	950	24	6
20	950	25	6
20	950	26	5
20	950	27	7
20	950	29	8
20	950	30	6
20	950	31	6
20	950	32	8
20	950	33	7
20	950	34	6
20	950	38	6
20	950	39	7
20	950	40	7
20	950	41	7
20	950	42	6
20	950	43	6
20	950	44	7
20	950	45	7
20	950	46	6
20	950	48	6
20	950	50	6
20	950	51	6
20	950	52	7
20	950	53	6
20	950	57	6
20	950	58	5
20	950	61	6
20	950	62	5
20	950	63	7
20	950	64	6
20	950	65	7
20	950	66	5
20	950	67	7
20	950	69	6
20	950	70	6
20	950	71	7
20	950	72	6
20	950	73	7
20	950	74	5
20	950	76	7
20	950	80	6
20	950	82	6
20	950	83	6
20	950	85	7
20	950	86	6
20	950	87	7
20	950	88	6
20	950	90	6
20	950	91	6
20	950	92	8
20	950	94	6
20	950	95	7
20	950	96	6
20	950	97	7
20	950	98	6
20	950	99	6
20	950	100	5
20	950	101	6
20	950	102	6
20	950	103	6
20	950	104	5
20	950	105	6
20	950	106	5
20	950	107	6
20	950	108	7
20	950	109	6
20	950	111	6
20	950	112	6
20	950	113	6
20	950	114	7
20	950	115	7
20	950	117	5
20	950	118	6
20	950	120	6
20	950	122	6
20	950	123	6
20	950	124	6
20	950	125	7
20	950	127	6
20	950	129	7
20	950	130	7
20	950	131	8
20	950	134	7
20	950	135	6
20	950	136	6
20	950	137	6
20	950	138	7
20	950	141	5
20	950	142	7
20	950	143	7
20	950	144	6
20	950	145	6
20	950	146	6
20	950	147	5
20	950	148	7
20	950	149	6
20	950	150	6
20	950	151	8
20	950	154	6
20	950	155	6
20	950	156	6
20	950	158	6
20	950	159	6
20	950	161	6
20	950	162	6
20	950	163	6
20	950	164	7
20	950	165	6
20	950	166	6
20	950	168	6
20	950	170	6
20	950	171	5
20	950	172	7
20	950	173	6
20	950	174	6
20	950	177	5
20	950	178	7
20	950	179	5
20	950	180	5
20	950	181	8
20	950	182	6
20	950	183	6
20	950	184	5
20	950	186	6
20	950	187	6
20	950	189	6
20	950	190	6
20	950	191	7
20	950	192	6
20	950	193	6
20	950	194	6
20	950	195	5
20	950	196	6
20	950	197	7
20	950	198	4
20	950	199	6
20	950	200	5
20	950	201	6
20	950	202	7
20	950	203	6
20	950	204	7
20	950	205	6
20	950	206	6
20	950	207	7
20	950	209	5
20	950	210	7
20	950	211	6
20	950	212	5
20	950	214	6
20	950	215	6
20	950	216	5
20	950	217	7
20	950	218	5
20	950	220	5
20	950	221	6
20	950	222	6
20	950	225	7
20	950	227	5
20	950	229	6
20	950	230	6
20	950	231	6
20	950	232	6
20	950	236	6
20	950	238	5
20	950	239	7
20	950	243	7
20	950	245	6
20	950	250	6
20	950	257	6
20	950	262	7
20	950	263	6
20	950	264	7
20	950	265	7
20	950	270	5
20	950	274	6
20	950	275	6
20	950	276	7
20	950	278	6
20	950	287	7
20	950	292	6
21	1000	0	6
21	1000	1	7
21	1000	2	7
21	1000	4	8
21	1000	6	7
21	1000	9	8
21	1000	10	6
21	1000	13	6
21	1000	14	5
21	1000	18	7
21	1000	19	6
21	1000	20	8
21	1000	22	7
21	1000	23	7
21	1000	24	6
21	1000	25	7
21	1000	26	6
21	1000	27	6
21	1000	28	6
21	1000	30	7
21	1000	32	8
21	1000	33	7
21	1000	34	6
21	1000	35	6
21	1000	36	6
21	1000	38	5
21	1000	39	8
21	1000	40	7
21	1000	41	7
21	1000	42	8
21	1000	43	5
21	1000	45	5
21	1000	46	7
21	1000	47	6
21	1000	49	6
21	1000	51	7
21	1000	52	6
21	1000	53	7
21	1000	54	7
21	1000	55	6
21	1000	56	6
21	1000	57	6
21	1000	58	6
21	1000	60	7
21	1000	62	7
21	1000	63	6
21	1000	66	6
21	1000	67	7
21	1000	70	6
21	1000	71	7
21	1000	72	8
21	1000	73	6
21	1000	74	6
21	1000	75	7
21	1000	76	7
21	1000	77	8
21	1000	78	7
21	1000	80	6
21	1000	82	7
21	1000	83	6
21	1000	84	7
21	1000	85	6
21	1000	87	6
21	1000	88	5
21	1000	89	6
21	1000	90	6
21	1000	91	6
21	1000	92	6
21	1000	94	6
21	1000	95	6
21	1000	96	6
21	1000	97	7
21	1000	99	6
21	1000	100	7
21	1000	101	6
21	1000	103	6
21	1000	104	6
21	1000	105	5
21	1000	106	6
21	1000	107	6
21	1000	108	6
21	1000	109	7
21	1000	110	5
21	1000	111	7
21	1000	112	6
21	1000	113	5
21	1000	115	6
21	1000	117	5
21	1000	119	6
21	1000	120	7
21	1000	121	5
21	1000	122	6
21	1000	123	6
21	1000	124	5
21	1000	125	7
21	1000	126	7
21	1000	127	6
21	1000	128	7
21	1000	130	6
21	1000	131	6
21	1000	132	6
21	1000	133	6
21	1000	136	6
21	1000	137	8
21	1000	141	5
21	1000	143	6
21	1000	144	6
21	1000	145	6
21	1000	146	7
21	1000	148	7
21	1000	149	6
21	1000	150	6
21	1000	151	6
21	1000	152	6
21	1000	154	6
21	1000	155	6
21	1000	156	7
21	1000	157	6
21	1000	158	6
21	1000	159	6
21	1000	161	7
21	1000	162	6
21	1000	163	6
21	1000	164	7
21	1000	165	6
21	1000	166	5
21	1000	167	6
21	1000	169	6
21	1000	170	6
21	1000	171	6
21	1000	173	6
21	1000	174	8
21	1000	175	6
21	1000	176	6
21	1000	177	7
21	1000	178	5
21	1000	179	6
21	1000	180	7
21	1000	181	5
21	1000	182	6
21	1000	186	6
21	1000	187	6
21	1000	190	6
21	1000	192	8
21	1000	194	5
21	1000	195	5
21	1000	197	8
21	1000	199	6
21	1000	200	6
21	1000	201	6
21	1000	203	6
21	1000	204	6
21	1000	205	6
21	1000	207	6
21	1000	208	6
21	1000	209	5
21	1000	211	4
21	1000	212	7
21	1000	213	6
21	1000	214	7
21	1000	215	6
21	1000	216	5
21	1000	217	6
21	1000	218	5
21	1000	219	5
21	1000	220	7
21	1000	221	6
21	1000	222	7
21	1000	223	6
21	1000	224	7
21	1000	225	6
21	1000	226	6
21	1000	227	6
21	1000	228	5
21	1000	231	6
21	1000	232	6
21	1000	238	6
21	1000	239	5
21	1000	241	7
21	1000	243	7
21	1000	248	7
21	1000	250	6
21	1000	252	6
21	1000	254	6
21	1000	256	5
21	1000	261	6
21	1000	264	7
21	1000	268	6
21	1000	270	7
21	1000	271	5
21	1000	272	6
21	1000	274	6
21	1000	275	5
21	1000	276	6
21	1000	283	7
21	1000	285	5
21	1000	287	6
21	1000	291	6
22	1050	0	7
22	1050	1	7
22	1050	4	7
22	1050	5	8
22	1050	6	8
22	1050	7	6
22	1050	9	6
22	1050	12	6
22	1050	13	6
22	1050	14	8
22	1050	15	7
22	1050	16	7
22	1050	17	6
22	1050	18	6
22	1050	19	7
22	1050	21	6
22	1050	23	7
22	1050	25	7
22	1050	26	6
22	1050	27	6
22	1050	29	8
22	1050	30	6
22	1050	31	6
22	1050	32	5
22	1050	34	6
22	1050	35	6
22	1050	36	6
22	1050	37	7
22	1050	38	7
22	1050	41	6
22	1050	42	6
22	1050	43	7
22	1050	45	7
22	1050	46	6
22	1050	47	6
22	1050	48	6
22	1050	50	6
22	1050	51	6
22	1050	52	6
22	1050	53	7
22	1050	54	6
22	1050	56	7
22	1050	57	7
22	1050	58	6
22	1050	59	6
22	1050	60	7
22	1050	61	7
22	1050	62	7
22	1050	63	7
22	1050	66	7
22	1050	67	7
22	1050	68	6
22	1050	70	6
22	1050	71	7
22	1050	72	7
22	1050	73	8
22	1050	75	7
22	1050	76	7
22	1050	78	6
22	1050	79	6
22	1050	80	7
22	1050	81	6
22	1050	82	6
22	1050	83	6
22	1050	84	5
22	1050	85	6
22	1050	87	6
22	1050	89	6
22	1050	90	6
22	1050	91	5
22	1050	93	7
22	1050	94	6
22	1050	95	5
22	1050	96	6
22	1050	97	8
22	1050	99	6
22	1050	100	7
22	1050	102	7
22	1050	104	6
22	1050	105	7
22	1050	108	5
22	1050	109	6
22	1050	110	6
22	1050	111	6
22	1050	112	6
22	1050	114	6
22	1050	115	6
22	1050	117	7
22	1050	118	6
22	1050	121	6
22	1050	122	6
22	1050	123	6
22	1050	125	8
22	1050	127	5
22	1050	130	6
22	1050	133	6
22	1050	134	7
22	1050	135	6
22	1050	136	6
22	1050	137	6
22	1050	138	7
22	1050	139	5
22	1050	140	6
22	1050	141	7
22	1050	142	6
22	1050	143	7
22	1050	144	7
22	1050	145	7
22	1050	146	8
22	1050	147	6
22	1050	148	5
22	1050	149	7
22	1050	150	5
22	1050	151	6
22	1050	152	6
22	1050	154	7
22	1050	155	7
22	1050	156	5
22	1050	157	8
22	1050	158	6
22	1050	159	6
22	1050	160	6
22	1050	162	6
22	1050	163	6
22	1050	167	6
22	1050	168	7
22	1050	169	6
22	1050	172	6
22	1050	173	6
22	1050	174	6
22	1050	175	6
22	1050	176	6
22	1050	177	6
22	1050	178	6
22	1050	179	5
22	1050	180	6
22	1050	182	6
22	1050	183	5
22	1050	184	6
22	1050	185	6
22	1050	186	6
22	1050	187	8
22	1050	188	6
22	1050	189	6
22	1050	191	6
22	1050	193	5
22	1050	194	7
22	1050	196	6
22	1050	198	8
22	1050	200	6
22	1050	201	5
22	1050	203	6
22	1050	204	5
22	1050	206	6
22	1050	210	6
22	1050	211	6
22	1050	212	6
22	1050	213	6
22	1050	214	5
22	1050	216	6
22	1050	217	5
22	1050	218	7
22	1050	219	6
22	1050	220	8
22	1050	221	4
22	1050	223	6
22	1050	224	6
22	1050	225	6
22	1050	226	6
22	1050	227	5
22	1050	228	7
22	1050	229	7
22	1050	230	7
22	1050	232	6
22	1050	234	6
22	1050	235	6
22	1050	238	6
22	1050	239	6
22	1050	240	6
22	1050	242	6
22	1050	244	6
22	1050	245	6
22	1050	247	6
22	1050	255	5
22	1050	257	6
22	1050	263	6
22	1050	269	6
22	1050	270	7
22	1050	271	5
22	1050	273	6
22	1050	277	6
22	1050	279	6
22	1050	280	6
22	1050	284	6
22	1050	286	5
22	1050	297	6
22	1050	300	6
23	1100	2	6
23	1100	3	7
23	1100	4	6
23	1100	5	7
23	1100	7	7
23	1100	8	6
23	1100	9	8
23	1100	11	8
23	1100	12	7
23	1100	13	7
23	1100	14	8
23	1100	15	7
23	1100	18	5
23	1100	19	6
23	1100	20	7
23	1100	21	7
23	1100	22	9
23	1100	23	8
23	1100	25	6
23	1100	29	6
23	1100	30	7
23	1100	31	7
23	1100	32	6
23	1100	34	7
23	1100	35	6
23	1100	36	7
23	1100	37	7
23	1100	38	6
23	1100	41	5
23	1100	42	6
23	1100	43	6
23	1100	44	6
23	1100	45	8
23	1100	47	6
23	1100	48	6
23	1100	49	6
23	1100	50	7
23	1100	51	5
23	1100	52	5
23	1100	53	7
23	1100	55	6
23	1100	56	7
23	1100	57	8
23	1100	58	6
23	1100	60	6
23	1100	61	7
23	1100	62	7
23	1100	63	6
23	1100	64	6
23	1100	67	7
23	1100	68	6
23	1100	69	5
23	1100	70	5
23	1100	71	6
23	1100	72	5
23	1100	73	7
23	1100	74	6
23	1100	75	6
23	1100	77	5
23	1100	78	6
23	1100	80	6
23	1100	81	7
23	1100	82	6
23	1100	85	7
23	1100	86	7
23	1100	87	6
23	1100	88	8
23	1100	89	6
23	1100	90	6
23	1100	91	7
23	1100	92	6
23	1100	94	6
23	1100	95	7
23	1100	96	6
23	1100	98	6
23	1100	99	6
23	1100	100	6
23	1100	101	9
23	1100	102	7
23	1100	103	6
23	1100	104	7
23	1100	105	5
23	1100	106	7
23	1100	107	6
23	1100	108	6
23	1100	109	5
23	1100	110	5
23	1100	111	6
23	1100	112	6
23	1100	113	7
23	1100	115	6
23	1100	117	6
23	1100	119	7
23	1100	121	8
23	1100	122	7
23	1100	123	7
23	1100	124	7
23	1100	125	6
23	1100	128	6
23	1100	129	5
23	1100	130	7
23	1100	131	5
23	1100	132	6
23	1100	133	6
23	1100	134	8
23	1100	136	7
23	1100	137	7
23	1100	138	7
23	1100	139	6
23	1100	141	6
23	1100	143	6
23	1100	144	6
23	1100	145	7
23	1100	146	6
23	1100	147	7
23	1100	149	6
23	1100	150	6
23	1100	151	6
23	1100	152	7
23	1100	153	6
23	1100	155	6
23	1100	156	8
23	1100	157	7
23	1100	158	6
23	1100	159	7
23	1100	160	5
23	1100	161	6
23	1100	162	7
23	1100	163	7
23	1100	164	6
23	1100	166	8
23	1100	167	5
23	1100	168	6
23	1100	169	6
23	1100	171	6
23	1100	172	7
23	1100	173	6
23	1100	174	7
23	1100	176	7
23	1100	177	6
23	1100	179	6
23	1100	180	5
23	1100	181	7
23	1100	184	6
23	1100	186	6
23	1100	187	6
23	1100	190	5
23	1100	192	6
23	1100	193	7
23	1100	194	7
23	1100	196	8
23	1100	197	8
23	1100	201	7
23	1100	203	7
23	1100	204	7
23	1100	206	6
23	1100	207	7
23	1100	208	5
23	1100	209	5
23	1100	211	7
23	1100	212	6
23	1100	213	6
23	1100	214	6
23	1100	217	6
23	1100	218	6
23	1100	220	6
23	1100	221	7
23	1100	224	7
23	1100	225	5
23	1100	226	6
23	1100	228	5
23	1100	230	7
23	1100	233	7
23	1100	234	6
23	1100	235	7
23	1100	237	8
23	1100	243	6
23	1100	244	6
23	1100	246	7
23	1100	249	6
23	1100	251	5
23	1100	252	5
23	1100	253	7
23	1100	256	7
23	1100	262	8
23	1100	266	6
23	1100	267	6
23	1100	268	6
23	1100	269	7
23	1100	272	6
23	1100	275	5
23	1100	276	7
23	1100	277	7
23	1100	280	6
23	1100	281	5
23	1100	285	5
23	1100	293	6
23	1100	299	6
23	1100	301	7
23	1100	302	6
23	1100	311	6
24	1150	1	6
24	1150	2	6
24	1150	3	7
24	1150	4	6
24	1150	5	7
24	1150	6	7
24	1150	7	8
24	1150	8	8
24	1150	12	6
24	1150	14	7
24	1150	15	7
24	1150	17	8
24	1150	18	8
24	1150	19	7
24	1150	20	6
24	1150	21	7
24	1150	22	7
24	1150	23	8
24	1150	25	7
24	1150	26	6
24	1150	27	6
24	1150	28	7
24	1150	30	5
24	1150	31	7
24	1150	32	8
24	1150	33	8
24	1150	35	6
24	1150	36	6
24	1150	39	7
24	1150	42	7
24	1150	43	6
24	1150	44	7
24	1150	45	7
24	1150	46	6
24	1150	47	8
24	1150	48	6
24	1150	49	6
24	1150	50	7
24	1150	51	5
24	1150	52	7
24	1150	54	7
24	1150	56	8
24	1150	58	6
24	1150	59	6
24	1150	60	7
24	1150	61	8
24	1150	62	7
24	1150	63	6
24	1150	64	6
24	1150	65	8
24	1150	68	6
24	1150	69	7
24	1150	70	6
24	1150	71	6
24	1150	73	7
24	1150	76	6
24	1150	78	6
24	1150	79	7
24	1150	80	6
24	1150	81	8
24	1150	84	6
24	1150	85	8
24	1150	86	8
24	1150	87	6
24	1150	88	7
24	1150	89	7
24	1150	91	7
24	1150	92	6
24	1150	94	6
24	1150	95	7
24	1150	96	6
24	1150	98	6
24	1150	99	6
24	1150	100	6
24	1150	101	5
24	1150	102	7
24	1150	103	7
24	1150	104	6
24	1150	105	6
24	1150	106	5
24	1150	107	6
24	1150	108	6
24	1150	109	6
24	1150	110	7
24	1150	111	6
24	1150	113	6
24	1150	114	5
24	1150	116	6
24	1150	117	7
24	1150	118	8
24	1150	119	6
24	1150	121	5
24	1150	122	6
24	1150	123	7
24	1150	124	6
24	1150	125	6
24	1150	127	6
24	1150	128	6
24	1150	129	7
24	1150	130	7
24	1150	131	6
24	1150	132	6
24	1150	134	6
24	1150	135	6
24	1150	136	7
24	1150	137	6
24	1150	138	7
24	1150	140	6
24	1150	142	7
24	1150	143	8
24	1150	144	5
24	1150	145	6
24	1150	146	6
24	1150	149	5
24	1150	151	8
24	1150	152	5
24	1150	153	6
24	1150	154	6
24	1150	155	5
24	1150	156	6
24	1150	157	7
24	1150	158	7
24	1150	159	7
24	1150	160	8
24	1150	161	6
24	1150	162	7
24	1150	163	8
24	1150	164	6
24	1150	165	6
24	1150	166	5
24	1150	168	5
24	1150	169	4
24	1150	170	7
24	1150	171	6
24	1150	173	7
24	1150	174	7
24	1150	175	7
24	1150	176	6
24	1150	178	6
24	1150	181	6
24	1150	182	5
24	1150	183	7
24	1150	185	6
24	1150	187	6
24	1150	188	7
24	1150	191	7
24	1150	192	6
24	1150	193	6
24	1150	196	6
24	1150	201	8
24	1150	203	6
24	1150	204	5
24	1150	205	6
24	1150	206	7
24	1150	207	6
24	1150	210	7
24	1150	213	6
24	1150	214	6
24	1150	221	5
24	1150	222	6
24	1150	223	7
24	1150	224	6
24	1150	225	6
24	1150	226	6
24	1150	230	6
24	1150	232	7
24	1150	233	6
24	1150	234	6
24	1150	235	5
24	1150	238	6
24	1150	239	7
24	1150	241	6
24	1150	244	6
24	1150	246	5
24	1150	248	6
24	1150	249	7
24	1150	250	7
24	1150	252	7
24	1150	253	7
24	1150	254	8
24	1150	259	6
24	1150	261	6
24	1150	263	6
24	1150	264	7
24	1150	266	6
24	1150	269	6
24	1150	273	6
24	1150	274	6
24	1150	288	6
24	1150	289	6
24	1150	291	7
24	1150	293	5
24	1150	294	5
24	1150	296	6
24	1150	316	6
25	1200	1	8
25	1200	3	7
25	1200	4	7
25	1200	5	8
25	1200	6	7
25	1200	7	7
25	1200	8	7
25	1200	10	8
25	1200	11	7
25	1200	12	8
25	1200	13	6
25	1200	14	8
25	1200	17	6
25	1200	18	6
25	1200	19	6
25	1200	20	8
25	1200	21	7
25	1200	25	6
25	1200	26	7
25	1200	27	7
25	1200	28	6
25	1200	29	6
25	1200	31	6
25	1200	32	7
25	1200	33	6
25	1200	35	7
25	1200	36	7
25	1200	38	8
25	1200	39	6
25	1200	40	5
25	1200	41	7
25	1200	42	7
25	1200	43	7
25	1200	44	7
25	1200	45	7
25	1200	47	6
25	1200	48	7
25	1200	50	7
25	1200	51	6
25	1200	52	7
25	1200	53	7
25	1200	54	6
25	1200	55	6
25	1200	56	6
25	1200	57	6
25	1200	58	8
25	1200	59	7
25	1200	61	7
25	1200	62	7
25	1200	63	7
25	1200	65	7
25	1200	66	7
25	1200	67	6
25	1200	69	7
25	1200	70	6
25	1200	71	6
25	1200	72	6
25	1200	73	7
25	1200	74	7
25	1200	75	5
25	1200	76	8
25	1200	77	7
25	1200	78	7
25	1200	80	7
25	1200	82	7
25	1200	83	6
25	1200	84	7
25	1200	85	7
25	1200	86	7
25	1200	87	6
25	1200	88	6
25	1200	89	7
25	1200	91	7
25	1200	92	6
25	1200	93	6
25	1200	94	6
25	1200	95	6
25	1200	97	7
25	1200	98	4
25	1200	99	7
25	1200	100	6
25	1200	102	7
25	1200	103	7
25	1200	104	7
25	1200	105	7
25	1200	106	7
25	1200	107	7
25	1200	108	6
25	1200	109	6
25	1200	111	6
25	1200	112	6
25	1200	114	6
25	1200	115	7
25	1200	116	7
25	1200	117	6
25	1200	118	5
25	1200	119	5
25	1200	120	6
25	1200	121	6
25	1200	122	7
25	1200	123	7
25	1200	124	7
25	1200	125	7
25	1200	126	7
25	1200	127	6
25	1200	128	6
25	1200	129	5
25	1200	131	6
25	1200	132	6
25	1200	133	8
25	1200	134	6
25	1200	136	7
25	1200	137	6
25	1200	139	6
25	1200	140	7
25	1200	143	8
25	1200	144	5
25	1200	146	6
25	1200	147	7
25	1200	148	6
25	1200	151	7
25	1200	152	6
25	1200	154	6
25	1200	155	6
25	1200	156	5
25	1200	157	8
25	1200	158	5
25	1200	160	7
25	1200	162	6
25	1200	163	7
25	1200	165	6
25	1200	166	6
25	1200	168	7
25	1200	171	6
25	1200	174	7
25	1200	175	6
25	1200	176	6
25	1200	178	7
25	1200	179	6
25	1200	180	7
25	1200	181	5
25	1200	182	7
25	1200	183	5
25	1200	184	6
25	1200	185	5
25	1200	186	7
25	1200	188	6
25	1200	189	7
25	1200	191	5
25	1200	192	6
25	1200	194	7
25	1200	195	7
25	1200	197	7
25	1200	199	6
25	1200	200	7
25	1200	201	5
25	1200	202	5
25	1200	204	6
25	1200	207	7
25	1200	210	8
25	1200	214	6
25	1200	216	7
25	1200	218	6
25	1200	221	5
25	1200	223	6
25	1200	224	6
25	1200	225	6
25	1200	227	6
25	1200	229	5
25	1200	230	6
25	1200	232	6
25	1200	233	6
25	1200	234	6
25	1200	235	5
25	1200	237	7
25	1200	238	7
25	1200	239	6
25	1200	240	7
25	1200	245	7
25	1200	251	7
25	1200	253	7
25	1200	254	6
25	1200	257	6
25	1200	259	8
25	1200	260	6
25	1200	262	6
25	1200	265	7
25	1200	266	6
25	1200	267	5
25	1200	268	6
25	1200	273	8
25	1200	274	5
25	1200	277	7
25	1200	281	6
25	1200	286	7
25	1200	290	6
25	1200	292	5
25	1200	294	6
25	1200	296	6
25	1200	299	6
26	1250	0	7
26	1250	4	9
26	1250	6	7
26	1250	7	7
26	1250	8	8
26	1250	10	9
26	1250	11	8
26	1250	12	6
26	1250	13	7
26	1250	14	6
26	1250	15	7
26	1250	16	7
26	1250	17	5
26	1250	19	5
26	1250	20	8
26	1250	23	7
26	1250	26	6
26	1250	27	7
26	1250	28	8
26	1250	29	6
26	1250	31	7
26	1250	32	6
26	1250	34	7
26	1250	35	5
26	1250	36	7
26	1250	37	8
26	1250	38	8
26	1250	40	6
26	1250	41	6
26	1250	42	8
26	1250	43	6
26	1250	45	7
26	1250	46	7
26	1250	47	7
26	1250	49	5
26	1250	50	8
26	1250	51	5
26	1250	52	7
26	1250	53	6
26	1250	55	7
26	1250	56	8
26	1250	57	8
26	1250	59	7
26	1250	60	7
26	1250	62	8
26	1250	63	7
26	1250	65	8
26	1250	67	8
26	1250	69	6
26	1250	70	6
26	1250	71	7
26	1250	72	6
26	1250	73	7
26	1250	74	8
26	1250	75	7
26	1250	77	7
26	1250	78	6
26	1250	79	8
26	1250	80	7
26	1250	81	6
26	1250	82	6
26	1250	84	8
26	1250	85	7
26	1250	86	7
26	1250	87	7
26	1250	88	6
26	1250	89	8
26	1250	90	6
26	1250	91	6
26	1250	93	5
26	1250	94	6
26	1250	95	6
26	1250	96	7
26	1250	97	7
26	1250	98	7
26	1250	99	5
26	1250	101	5
26	1250	102	6
26	1250	103	7
26	1250	104	6
26	1250	105	5
26	1250	106	7
26	1250	108	7
26	1250	109	6
26	1250	110	9
26	1250	111	7
26	1250	113	6
26	1250	114	6
26	1250	115	7
26	1250	116	5
26	1250	117	7
26	1250	118	6
26	1250	119	6
26	1250	120	8
26	1250	121	7
26	1250	123	7
26	1250	125	8
26	1250	126	6
26	1250	128	6
26	1250	129	6
26	1250	130	6
26	1250	131	7
26	1250	132	5
26	1250	133	7
26	1250	134	6
26	1250	135	6
26	1250	138	7
26	1250	139	7
26	1250	141	7
26	1250	142	9
26	1250	143	6
26	1250	144	8
26	1250	145	6
26	1250	146	8
26	1250	147	7
26	1250	149	7
26	1250	150	6
26	1250	151	6
26	1250	152	8
26	1250	153	7
26	1250	155	8
26	1250	156	6
26	1250	157	6
26	1250	158	5
26	1250	161	7
26	1250	164	7
26	1250	167	7
26	1250	168	5
26	1250	169	6
26	1250	170	6
26	1250	171	7
26	1250	172	7
26	1250	173	5
26	1250	174	6
26	1250	176	7
26	1250	177	8
26	1250	179	6
26	1250	182	6
26	1250	184	7
26	1250	185	7
26	1250	186	6
26	1250	191	5
26	1250	193	5
26	1250	194	6
26	1250	195	5
26	1250	196	6
26	1250	197	7
26	1250	200	7
26	1250	201	8
26	1250	202	6
26	1250	203	7
26	1250	205	6
26	1250	207	6
26	1250	208	7
26	1250	210	7
26	1250	212	6
26	1250	215	6
26	1250	217	6
26	1250	218	6
26	1250	219	6
26	1250	220	5
26	1250	221	8
26	1250	225	6
26	1250	226	6
26	1250	228	7
26	1250	231	6
26	1250	234	6
26	1250	237	7
26	1250	240	7
26	1250	241	6
26	1250	242	6
26	1250	243	8
26	1250	244	6
26	1250	245	7
26	1250	248	6
26	1250	249	6
26	1250	252	6
26	1250	253	6
26	1250	258	6
26	1250	260	6
26	1250	269	5
26	1250	270	6
26	1250	273	7
26	1250	275	7
26	1250	276	7
26	1250	278	6
26	1250	280	5
26	1250	281	8
26	1250	282	6
26	1250	284	6
26	1250	285	6
26	1250	286	6
26	1250	287	6
26	1250	292	7
26	1250	296	6
26	1250	297	6
26	1250	300	6
26	1250	302	5
26	1250	303	7
26	1250	307	6
26	1250	323	6
26	1250	329	6
27	1300	1	7
27	1300	3	7
27	1300	5	7
27	1300	6	6
27	1300	8	8
27	1300	9	5
27	1300	10	8
27	1300	11	8
27	1300	12	7
27	1300	13	8
27	1300	14	8
27	1300	15	8
27	1300	17	7
27	1300	18	6
27	1300	19	6
27	1300	20	5
27	1300	22	7
27	1300	23	7
27	1300	24	6
27	1300	25	6
27	1300	26	7
27	1300	28	4
27	1300	29	7
27	1300	30	6
27	1300	31	8
27	1300	33	7
27	1300	34	8
27	1300	35	6
27	1300	38	6
27	1300	39	7
27	1300	40	7
27	1300	42	6
27	1300	43	6
27	1300	44	6
27	1300	45	8
27	1300	46	7
27	1300	47	8
27	1300	48	7
27	1300	50	8
27	1300	52	7
27	1300	53	7
27	1300	54	6
27	1300	55	6
27	1300	56	6
27	1300	57	7
27	1300	58	8
27	1300	60	6
27	1300	61	8
27	1300	62	8
27	1300	64	7
27	1300	65	7
27	1300	69	6
27	1300	70	7
27	1300	71	6
27	1300	72	7
27	1300	73	7
27	1300	74	8
27	1300	75	7
27	1300	76	8
27	1300	78	7
27	1300	79	6
27	1300	81	7
27	1300	82	6
27	1300	83	6
27	1300	84	6
27	1300	85	6
27	1300	86	8
27	1300	87	7
27	1300	88	8
27	1300	89	6
27	1300	91	6
27	1300	92	6
27	1300	93	7
27	1300	94	7
27	1300	95	6
27	1300	96	7
27	1300	98	6
27	1300	100	6
27	1300	101	8
27	1300	102	5
27	1300	103	5
27	1300	104	6
27	1300	106	8
27	1300	107	7
27	1300	108	5
27	1300	109	6
27	1300	110	8
27	1300	111	6
27	1300	113	6
27	1300	114	7
27	1300	117	6
27	1300	119	6
27	1300	122	6
27	1300	123	7
27	1300	124	7
27	1300	125	7
27	1300	127	7
27	1300	128	6
27	1300	130	8
27	1300	131	8
27	1300	134	6
27	1300	135	6
27	1300	137	8
27	1300	139	6
27	1300	140	7
27	1300	141	8
27	1300	144	7
27	1300	146	6
27	1300	151	7
27	1300	152	7
27	1300	157	6
27	1300	158	6
27	1300	159	5
27	1300	160	7
27	1300	161	9
27	1300	162	7
27	1300	163	9
27	1300	164	8
27	1300	165	6
27	1300	166	5
27	1300	167	8
27	1300	169	6
27	1300	170	5
27	1300	171	8
27	1300	172	6
27	1300	175	5
27	1300	176	5
27	1300	177	6
27	1300	178	6
27	1300	179	5
27	1300	181	6
27	1300	182	6
27	1300	185	6
27	1300	186	6
27	1300	187	7
27	1300	188	6
27	1300	189	7
27	1300	190	8
27	1300	192	8
27	1300	193	5
27	1300	196	7
27	1300	197	6
27	1300	200	7
27	1300	202	6
27	1300	205	6
27	1300	206	8
27	1300	207	6
27	1300	209	6
27	1300	210	7
27	1300	212	6
27	1300	213	7
27	1300	218	5
27	1300	219	7
27	1300	223	7
27	1300	226	6
27	1300	227	6
27	1300	228	7
27	1300	229	5
27	1300	230	5
27	1300	232	7
27	1300	233	6
27	1300	234	6
27	1300	236	6
27	1300	237	6
27	1300	239	6
27	1300	240	5
27	1300	244	6
27	1300	245	5
27	1300	246	6
27	1300	248	6
27	1300	249	6
27	1300	251	7
27	1300	254	7
27	1300	256	6
27	1300	257	7
27	1300	258	6
27	1300	261	6
27	1300	267	5
27	1300	268	6
27	1300	271	6
27	1300	277	8
27	1300	282	7
27	1300	285	7
27	1300	286	8
27	1300	288	6
27	1300	291	6
27	1300	293	6
27	1300	294	6
27	1300	297	6
27	1300	300	6
27	1300	303	6
27	1300	304	6
27	1300	308	5
27	1300	309	7
27	1300	311	6
27	1300	313	7
27	1300	314	6
27	1300	315	6
27	1300	323	6
28	1350	0	7
28	1350	1	6
28	1350	2	9
28	1350	3	6
28	1350	4	6
28	1350	5	8
28	1350	6	8
28	1350	7	7
28	1350	8	8
28	1350	10	6
28	1350	11	6
28	1350	12	6
28	1350	14	8
28	1350	15	7
28	1350	16	7
28	1350	17	8
28	1350	18	6
28	1350	19	8
28	1350	20	8
28	1350	22	6
28	1350	23	7
28	1350	25	7
28	1350	26	9
28	1350	30	8
28	1350	32	6
28	1350	33	7
28	1350	35	6
28	1350	36	7
28	1350	37	8
28	1350	38	7
28	1350	39	6
28	1350	40	6
28	1350	42	5
28	1350	43	6
28	1350	44	7
28	1350	45	6
28	1350	51	7
28	1350	52	6
28	1350	54	7
28	1350	55	8
28	1350	56	7
28	1350	58	6
28	1350	63	8
28	1350	65	7
28	1350	66	7
28	1350	67	6
28	1350	68	7
28	1350	70	6
28	1350	71	6
28	1350	72	7
28	1350	73	6
28	1350	74	7
28	1350	75	6
28	1350	77	8
28	1350	79	8
28	1350	80	6
28	1350	81	8
28	1350	82	8
28	1350	84	7
28	1350	85	8
28	1350	86	5
28	1350	87	9
28	1350	88	6
28	1350	89	7
28	1350	90	6
28	1350	91	9
28	1350	92	7
28	1350	93	6
28	1350	94	7
28	1350	95	7
28	1350	96	7
28	1350	97	6
28	1350	99	7
28	1350	100	6
28	1350	101	10
28	1350	102	6
28	1350	103	6
28	1350	104	7
28	1350	105	6
28	1350	106	6
28	1350	108	7
28	1350	109	6
28	1350	111	6
28	1350	113	7
28	1350	117	6
28	1350	118	7
28	1350	119	7
28	1350	122	6
28	1350	123	6
28	1350	125	7
28	1350	126	7
28	1350	128	9
28	1350	129	7
28	1350	130	6
28	1350	132	6
28	1350	133	7
28	1350	134	7
28	1350	136	6
28	1350	138	6
28	1350	139	6
28	1350	140	7
28	1350	141	6
28	1350	142	7
28	1350	143	5
28	1350	144	6
28	1350	145	7
28	1350	146	5
28	1350	147	6
28	1350	149	7
28	1350	151	6
28	1350	152	8
28	1350	153	7
28	1350	154	7
28	1350	157	7
28	1350	158	7
28	1350	159	5
28	1350	160	8
28	1350	161	7
28	1350	164	6
28	1350	165	8
28	1350	166	7
28	1350	168	6
28	1350	169	9
28	1350	170	5
28	1350	171	6
28	1350	177	5
28	1350	178	7
28	1350	180	6
28	1350	181	7
28	1350	182	5
28	1350	183	7
28	1350	184	7
28	1350	185	7
28	1350	186	8
28	1350	187	6
28	1350	189	7
28	1350	190	6
28	1350	191	8
28	1350	194	6
28	1350	195	7
28	1350	197	8
28	1350	199	6
28	1350	200	8
28	1350	201	6
28	1350	202	9
28	1350	203	7
28	1350	204	6
28	1350	206	6
28	1350	208	6
28	1350	209	6
28	1350	210	7
28	1350	211	7
28	1350	212	9
28	1350	215	7
28	1350	217	6
28	1350	218	6
28	1350	221	5
28	1350	222	5
28	1350	224	6
28	1350	226	8
28	1350	227	7
28	1350	228	8
28	1350	229	8
28	1350	231	6
28	1350	232	6
28	1350	233	7
28	1350	235	7
28	1350	236	6
28	1350	239	7
28	1350	241	9
28	1350	245	7
28	1350	246	8
28	1350	250	6
28	1350	251	8
28	1350	253	10
28	1350	255	6
28	1350	256	7
28	1350	259	5
28	1350	260	7
28	1350	261	6
28	1350	263	6
28	1350	264	6
28	1350	266	8
28	1350	269	8
28	1350	278	6
28	1350	284	6
28	1350	290	7
28	1350	291	7
28	1350	293	6
28	1350	295	6
28	1350	296	5
28	1350	300	7
28	1350	303	6
28	1350	304	6
28	1350	310	5
28	1350	313	6
28	1350	319	6
28	1350	320	6
29	1400	0	7
29	1400	1	9
29	1400	2	6
29	1400	6	7
29	1400	7	7
29	1400	8	7
29	1400	9	8
29	1400	11	7
29	1400	12	8
29	1400	13	6
29	1400	14	6
29	1400	15	8
29	1400	17	8
29	1400	18	6
29	1400	20	9
29	1400	21	6
29	1400	22	7
29	1400	23	7
29	1400	24	6
29	1400	25	7
29	1400	29	6
29	1400	30	6
29	1400	31	6
29	1400	32	7
29	1400	33	4
29	1400	34	7
29	1400	35	7
29	1400	36	8
29	1400	37	6
29	1400	38	7
29	1400	39	7
29	1400	40	6
29	1400	41	6
29	1400	44	9
29	1400	47	6
29	1400	48	6
29	1400	49	9
29	1400	51	6
29	1400	52	6
29	1400	55	7
29	1400	56	7
29	1400	57	7
29	1400	59	7
29	1400	61	6
29	1400	62	8
29	1400	63	10
29	1400	64	5
29	1400	66	7
29	1400	67	6
29	1400	68	7
29	1400	72	7
29	1400	73	6
29	1400	75	6
29	1400	76	8
29	1400	77	7
29	1400	78	6
29	1400	79	6
29	1400	80	9
29	1400	83	8
29	1400	84	5
29	1400	85	5
29	1400	87	6
29	1400	89	7
29	1400	90	7
29	1400	91	6
29	1400	92	8
29	1400	95	7
29	1400	96	6
29	1400	97	6
29	1400	98	6
29	1400	100	6
29	1400	103	7
29	1400	106	8
29	1400	107	8
29	1400	109	8
29	1400	111	6
29	1400	112	6
29	1400	113	7
29	1400	116	6
29	1400	117	6
29	1400	118	5
29	1400	119	6
29	1400	120	5
29	1400	121	6
29	1400	122	6
29	1400	123	6
29	1400	124	6
29	1400	126	5
29	1400	127	5
29	1400	129	7
29	1400	134	6
29	1400	135	6
29	1400	136	6
29	1400	138	7
29	1400	139	6
29	1400	140	6
29	1400	141	7
29	1400	142	6
29	1400	143	6
29	1400	145	6
29	1400	146	7
29	1400	147	7
29	1400	149	7
29	1400	150	7
29	1400	151	10
29	1400	153	8
29	1400	154	9
29	1400	155	8
29	1400	156	6
29	1400	157	7
29	1400	159	8
29	1400	160	7
29	1400	161	7
29	1400	162	7
29	1400	163	6
29	1400	164	6
29	1400	168	8
29	1400	169	6
29	1400	171	6
29	1400	172	7
29	1400	173	6
29	1400	174	8
29	1400	176	7
29	1400	177	7
29	1400	180	6
29	1400	182	6
29	1400	183	6
29	1400	184	5
29	1400	188	7
29	1400	189	7
29	1400	190	6
29	1400	191	7
29	1400	192	8
29	1400	196	5
29	1400	197	5
29	1400	198	6
29	1400	199	5
29	1400	200	6
29	1400	202	6
29	1400	203	7
29	1400	204	6
29	1400	205	9
29	1400	207	7
29	1400	208	5
29	1400	212	7
29	1400	213	6
29	1400	215	8
29	1400	217	7
29	1400	218	7
29	1400	219	6
29	1400	222	6
29	1400	223	7
29	1400	224	7
29	1400	226	6
29	1400	227	7
29	1400	229	6
29	1400	231	6
29	1400	232	6
29	1400	233	7
29	1400	234	7
29	1400	235	8
29	1400	236	6
29	1400	239	8
29	1400	241	6
29	1400	244	8
29	1400	249	6
29	1400	250	6
29	1400	251	5
29	1400	252	7
29	1400	255	7
29	1400	261	7
29	1400	262	6
29	1400	263	7
29	1400	264	6
29	1400	265	6
29	1400	266	7
29	1400	267	6
29	1400	268	5
29	1400	269	6
29	1400	270	6
29	1400	271	7
29	1400	274	6
29	1400	276	5
29	1400	278	7
29	1400	279	6
29	1400	281	6
29	1400	286	5
29	1400	289	6
29	1400	291	8
29	1400	293	6
29	1400	294	5
29	1400	296	6
29	1400	297	5
29	1400	311	6
29	1400	314	6
30	1450	0	7
30	1450	3	7
30	1450	7	6
30	1450	8	5
30	1450	12	6
30	1450	14	5
30	1450	15	7
30	1450	17	7
30	1450	18	6
30	1450	19	7
30	1450	21	5
30	1450	22	6
30	1450	25	7
30	1450	26	8
30	1450	27	5
30	1450	28	7
30	1450	30	7
30	1450	32	6
30	1450	33	7
30	1450	34	7
30	1450	35	6
30	1450	37	10
30	1450	39	7
30	1450	40	7
30	1450	41	7
30	1450	42	6
30	1450	43	5
30	1450	44	6
30	1450	45	7
30	1450	46	6
30	1450	48	8
30	1450	49	7
30	1450	51	7
30	1450	52	7
30	1450	53	7
30	1450	56	5
30	1450	57	7
30	1450	59	8
30	1450	60	5
30	1450	61	7
30	1450	62	6
30	1450	64	6
30	1450	66	6
30	1450	68	6
30	1450	69	7
30	1450	70	6
30	1450	71	7
30	1450	72	6
30	1450	74	6
30	1450	75	6
30	1450	76	6
30	1450	77	8
30	1450	78	6
30	1450	80	8
30	1450	81	6
30	1450	82	7
30	1450	83	7
30	1450	85	6
30	1450	87	7
30	1450	88	6
30	1450	89	7
30	1450	90	6
30	1450	91	7
30	1450	92	6
30	1450	93	7
30	1450	94	6
30	1450	95	8
30	1450	96	7
30	1450	97	8
30	1450	100	6
30	1450	102	5
30	1450	104	6
30	1450	105	6
30	1450	106	7
30	1450	108	7
30	1450	110	5
30	1450	111	6
30	1450	113	6
30	1450	114	5
30	1450	115	6
30	1450	116	6
30	1450	118	6
30	1450	119	6
30	1450	120	6
30	1450	121	7
30	1450	122	6
30	1450	123	6
30	1450	124	5
30	1450	126	8
30	1450	127	6
30	1450	128	6
30	1450	130	6
30	1450	131	7
30	1450	132	6
30	1450	133	8
30	1450	135	6
30	1450	138	6
30	1450	139	7
30	1450	140	6
30	1450	141	5
30	1450	142	6
30	1450	143	8
30	1450	144	8
30	1450	145	8
30	1450	146	6
30	1450	147	9
30	1450	148	7
30	1450	149	7
30	1450	150	6
30	1450	151	8
30	1450	152	5
30	1450	153	8
30	1450	154	7
30	1450	156	7
30	1450	157	6
30	1450	158	7
30	1450	159	8
30	1450	162	7
30	1450	163	6
30	1450	164	7
30	1450	167	7
30	1450	169	6
30	1450	171	5
30	1450	172	7
30	1450	173	7
30	1450	174	6
30	1450	175	9
30	1450	176	6
30	1450	177	5
30	1450	178	5
30	1450	179	7
30	1450	181	6
30	1450	182	8
30	1450	184	6
30	1450	186	7
30	1450	187	7
30	1450	188	7
30	1450	189	8
30	1450	190	6
30	1450	191	6
30	1450	192	8
30	1450	199	6
30	1450	201	5
30	1450	202	7
30	1450	203	5
30	1450	204	10
30	1450	206	6
30	1450	209	5
30	1450	210	6
30	1450	211	7
30	1450	212	5
30	1450	213	5
30	1450	215	6
30	1450	217	6
30	1450	218	6
30	1450	220	7
30	1450	221	6
30	1450	224	5
30	1450	226	7
30	1450	227	7
30	1450	229	5
30	1450	231	6
30	1450	232	7
30	1450	233	5
30	1450	236	7
30	1450	241	6
30	1450	243	6
30	1450	245	8
30	1450	250	5
30	1450	254	7
30	1450	255	6
30	1450	257	5
30	1450	258	4
30	1450	261	7
30	1450	263	6
30	1450	268	8
30	1450	270	6
30	1450	272	7
30	1450	275	7
30	1450	276	6
30	1450	279	7
30	1450	280	6
30	1450	282	6
30	1450	290	7
30	1450	303	6
30	1450	306	6
30	1450	310	6
30	1450	316	5
30	1450	329	7
31	1500	0	7
31	1500	1	9
31	1500	2	7
31	1500	3	8
31	1500	6	6
31	1500	7	7
31	1500	8	9
31	1500	11	7
31	1500	13	5
31	1500	14	6
31	1500	16	7
31	1500	17	7
31	1500	18	7
31	1500	20	7
31	1500	21	6
31	1500	22	6
31	1500	23	6
31	1500	25	7
31	1500	26	6
31	1500	27	9
31	1500	28	9
31	1500	29	9
31	1500	30	6
31	1500	31	8
31	1500	32	7
31	1500	33	7
31	1500	36	7
31	1500	37	6
31	1500	38	6
31	1500	39	9
31	1500	40	8
31	1500	43	7
31	1500	44	7
31	1500	45	6
31	1500	46	7
31	1500	47	7
31	1500	48	7
31	1500	52	7
31	1500	53	5
31	1500	54	8
31	1500	56	6
31	1500	57	7
31	1500	58	6
31	1500	59	7
31	1500	63	6
31	1500	64	9
31	1500	70	6
31	1500	71	7
31	1500	72	7
31	1500	73	7
31	1500	74	9
31	1500	75	6
31	1500	77	6
31	1500	79	6
31	1500	81	8
31	1500	82	7
31	1500	83	6
31	1500	84	10
31	1500	85	6
31	1500	86	7
31	1500	90	9
31	1500	91	7
31	1500	94	8
31	1500	96	7
31	1500	98	6
31	1500	100	6
31	1500	101	6
31	1500	102	7
31	1500	103	7
31	1500	105	7
31	1500	106	7
31	1500	107	5
31	1500	108	5
31	1500	110	7
31	1500	111	7
31	1500	113	9
31	1500	114	7
31	1500	115	5
31	1500	116	7
31	1500	118	9
31	1500	120	6
31	1500	121	7
31	1500	122	7
31	1500	123	5
31	1500	124	7
31	1500	125	7
31	1500	126	6
31	1500	127	6
31	1500	128	9
31	1500	129	9
31	1500	130	7
31	1500	131	6
31	1500	132	6
31	1500	133	6
31	1500	134	6
31	1500	135	5
31	1500	137	7
31	1500	138	8
31	1500	140	8
31	1500	141	7
31	1500	143	11
31	1500	145	7
31	1500	147	8
31	1500	148	7
31	1500	149	7
31	1500	150	6
31	1500	153	8
31	1500	156	7
31	1500	160	8
31	1500	162	8
31	1500	168	7
31	1500	169	8
31	1500	172	6
31	1500	173	7
31	1500	174	7
31	1500	177	6
31	1500	180	8
31	1500	182	6
31	1500	185	7
31	1500	188	6
31	1500	189	7
31	1500	191	5
31	1500	192	8
31	1500	195	6
31	1500	196	6
31	1500	197	7
31	1500	198	7
31	1500	199	7
31	1500	200	6
31	1500	201	8
31	1500	204	6
31	1500	208	6
31	1500	210	7
31	1500	212	7
31	1500	216	7
31	1500	221	8
31	1500	224	6
31	1500	226	6
31	1500	230	7
31	1500	231	6
31	1500	233	8
31	1500	234	7
31	1500	235	6
31	1500	237	7
31	1500	238	6
31	1500	239	5
31	1500	240	7
31	1500	241	6
31	1500	243	7
31	1500	244	5
31	1500	245	6
31	1500	248	6
31	1500	251	6
31	1500	255	6
31	1500	258	5
31	1500	259	6
31	1500	260	4
31	1500	261	6
31	1500	262	6
31	1500	265	5
31	1500	267	5
31	1500	269	6
31	1500	270	6
31	1500	277	7
31	1500	279	9
31	1500	280	6
31	1500	284	5
31	1500	287	6
31	1500	288	6
31	1500	292	6
31	1500	293	5
31	1500	297	5
31	1500	300	7
31	1500	301	6
31	1500	307	7
31	1500	308	6
31	1500	309	6
31	1500	313	6
31	1500	314	6
31	1500	316	8
31	1500	327	6
31	1500	330	5
31	1500	332	7
31	1500	341	7
31	1500	343	7
31	1500	350	6
31	1500	351	4
32	1550	1	7
32	1550	3	8
32	1550	4	6
32	1550	6	6
32	1550	7	7
32	1550	9	7
32	1550	10	8
32	1550	11	5
32	1550	12	6
32	1550	14	6
32	1550	15	6
32	1550	16	8
32	1550	17	7
32	1550	18	6
32	1550	20	7
32	1550	21	7
32	1550	23	7
32	1550	25	9
32	1550	26	8
32	1550	27	6
32	1550	28	5
32	1550	30	8
32	1550	31	6
32	1550	33	6
32	1550	34	7
32	1550	35	6
32	1550	37	5
32	1550	38	9
32	1550	39	7
32	1550	41	8
32	1550	43	7
32	1550	46	8
32	1550	49	7
32	1550	51	8
32	1550	52	8
32	1550	54	6
32	1550	55	7
32	1550	57	5
32	1550	59	7
32	1550	60	6
32	1550	62	6
32	1550	63	6
32	1550	64	7
32	1550	66	7
32	1550	70	6
32	1550	71	8
32	1550	72	6
32	1550	73	6
32	1550	74	8
32	1550	75	8
32	1550	76	5
32	1550	77	7
32	1550	78	9
32	1550	79	7
32	1550	80	7
32	1550	82	5
32	1550	84	6
32	1550	86	6
32	1550	87	6
32	1550	88	7
32	1550	90	6
32	1550	92	5
32	1550	95	7
32	1550	97	6
32	1550	100	5
32	1550	101	7
32	1550	102	7
32	1550	103	7
32	1550	104	7
32	1550	105	6
32	1550	106	8
32	1550	107	8
32	1550	108	7
32	1550	109	6
32	1550	111	9
32	1550	112	7
32	1550	113	7
32	1550	114	6
32	1550	116	7
32	1550	117	7
32	1550	118	7
32	1550	119	6
32	1550	120	7
32	1550	121	5
32	1550	122	7
32	1550	123	6
32	1550	124	6
32	1550	125	8
32	1550	126	6
32	1550	127	4
32	1550	129	4
32	1550	130	5
32	1550	131	8
32	1550	132	5
32	1550	133	5
32	1550	134	7
32	1550	135	7
32	1550	136	7
32	1550	137	7
32	1550	138	10
32	1550	139	6
32	1550	140	8
32	1550	141	7
32	1550	142	5
32	1550	143	6
32	1550	145	8
32	1550	146	6
32	1550	148	8
32	1550	149	6
32	1550	150	7
32	1550	151	6
32	1550	152	6
32	1550	153	8
32	1550	156	5
32	1550	157	7
32	1550	158	6
32	1550	159	9
32	1550	161	7
32	1550	162	6
32	1550	163	6
32	1550	164	8
32	1550	166	6
32	1550	168	7
32	1550	169	6
32	1550	172	7
32	1550	173	5
32	1550	175	7
32	1550	178	5
32	1550	179	6
32	1550	181	7
32	1550	184	6
32	1550	188	7
32	1550	190	6
32	1550	191	8
32	1550	192	8
32	1550	194	5
32	1550	198	6
32	1550	204	7
32	1550	206	5
32	1550	207	5
32	1550	208	7
32	1550	211	7
32	1550	212	5
32	1550	214	7
32	1550	218	7
32	1550	225	8
32	1550	226	6
32	1550	227	6
32	1550	230	7
32	1550	239	6
32	1550	241	7
32	1550	242	9
32	1550	247	6
32	1550	248	6
32	1550	250	5
32	1550	251	6
32	1550	253	5
32	1550	255	6
32	1550	256	6
32	1550	257	6
32	1550	258	8
32	1550	259	6
32	1550	263	8
32	1550	269	7
32	1550	270	6
32	1550	272	4
32	1550	274	6
32	1550	275	6
32	1550	276	8
32	1550	277	6
32	1550	280	5
32	1550	282	6
32	1550	285	5
32	1550	287	6
32	1550	292	6
32	1550	298	6
32	1550	300	6
32	1550	303	6
32	1550	304	7
32	1550	314	5
32	1550	316	7
32	1550	321	5
32	1550	329	7
32	1550	331	7
32	1550	345	6
32	1550	346	5
32	1550	348	5
32	1550	353	5
32	1550	354	4
33	1600	0	7
33	1600	2	5
33	1600	3	7
33	1600	4	6
33	1600	6	7
33	1600	7	7
33	1600	9	7
33	1600	10	8
33	1600	11	6
33	1600	13	8
33	1600	14	6
33	1600	15	8
33	1600	16	7
33	1600	17	7
33	1600	18	7
33	1600	19	4
33	1600	20	6
33	1600	21	7
33	1600	23	6
33	1600	24	6
33	1600	25	7
33	1600	29	6
33	1600	33	6
33	1600	34	7
33	1600	35	6
33	1600	36	6
33	1600	37	8
33	1600	39	7
33	1600	40	5
33	1600	41	7
33	1600	42	7
33	1600	43	8
33	1600	45	7
33	1600	46	8
33	1600	47	4
33	1600	48	8
33	1600	49	8
33	1600	50	7
33	1600	51	8
33	1600	52	8
33	1600	53	6
33	1600	55	6
33	1600	56	6
33	1600	58	7
33	1600	59	5
33	1600	60	9
33	1600	61	7
33	1600	62	7
33	1600	63	6
33	1600	64	8
33	1600	67	7
33	1600	68	5
33	1600	69	6
33	1600	70	6
33	1600	71	6
33	1600	72	4
33	1600	73	6
33	1600	74	5
33	1600	76	7
33	1600	78	6
33	1600	80	6
33	1600	82	6
33	1600	83	7
33	1600	85	5
33	1600	86	6
33	1600	89	6
33	1600	90	7
33	1600	91	8
33	1600	92	5
33	1600	93	7
33	1600	95	5
33	1600	96	4
33	1600	97	6
33	1600	98	7
33	1600	99	7
33	1600	100	6
33	1600	101	7
33	1600	103	5
33	1600	104	7
33	1600	105	7
33	1600	106	8
33	1600	108	9
33	1600	110	8
33	1600	112	6
33	1600	114	5
33	1600	117	7
33	1600	118	6
33	1600	120	8
33	1600	121	6
33	1600	122	6
33	1600	123	9
33	1600	124	9
33	1600	126	8
33	1600	127	5
33	1600	128	7
33	1600	129	8
33	1600	130	6
33	1600	134	8
33	1600	135	7
33	1600	137	10
33	1600	139	6
33	1600	140	6
33	1600	141	8
33	1600	142	6
33	1600	147	6
33	1600	150	7
33	1600	154	6
33	1600	157	6
33	1600	158	8
33	1600	159	7
33	1600	161	7
33	1600	162	7
33	1600	164	7
33	1600	166	8
33	1600	167	6
33	1600	168	8
33	1600	169	6
33	1600	171	6
33	1600	172	8
33	1600	173	7
33	1600	175	7
33	1600	177	9
33	1600	178	6
33	1600	179	6
33	1600	180	6
33	1600	184	7
33	1600	185	6
33	1600	187	8
33	1600	189	7
33	1600	190	6
33	1600	191	7
33	1600	192	6
33	1600	194	6
33	1600	195	6
33	1600	196	8
33	1600	199	6
33	1600	200	6
33	1600	201	6
33	1600	202	6
33	1600	203	6
33	1600	204	6
33	1600	206	7
33	1600	211	6
33	1600	212	7
33	1600	216	6
33	1600	220	5
33	1600	221	9
33	1600	226	5
33	1600	227	6
33	1600	228	6
33	1600	230	7
33	1600	231	6
33	1600	232	5
33	1600	234	5
33	1600	237	6
33	1600	242	5
33	1600	244	6
33	1600	247	8
33	1600	248	7
33	1600	251	6
33	1600	254	8
33	1600	256	4
33	1600	258	6
33	1600	260	6
33	1600	265	5
33	1600	266	5
33	1600	268	6
33	1600	270	5
33	1600	271	7
33	1600	273	6
33	1600	275	5
33	1600	288	5
33	1600	289	6
33	1600	292	5
33	1600	296	6
33	1600	302	9
33	1600	309	9
33	1600	310	6
33	1600	317	6
33	1600	326	5
33	1600	333	5
33	1600	336	7
33	1600	341	4
33	1600	347	4
33	1600	356	4
34	1650	1	5
34	1650	2	12
34	1650	3	7
34	1650	4	10
34	1650	5	7
34	1650	6	8
34	1650	7	6
34	1650	10	4
34	1650	11	5
34	1650	12	4
34	1650	13	7
34	1650	14	6
34	1650	15	9
34	1650	16	6
34	1650	17	6
34	1650	18	6
34	1650	19	5
34	1650	20	5
34	1650	21	6
34	1650	22	4
34	1650	23	5
34	1650	24	8
34	1650	25	6
34	1650	26	5
34	1650	31	8
34	1650	32	6
34	1650	33	6
34	1650	34	6
34	1650	35	6
34	1650	39	6
34	1650	41	6
34	1650	43	6
34	1650	44	8
34	1650	45	6
34	1650	46	6
34	1650	47	6
34	1650	49	6
34	1650	51	7
34	1650	52	7
34	1650	54	7
34	1650	55	8
34	1650	56	6
34	1650	57	6
34	1650	59	5
34	1650	60	8
34	1650	61	6
34	1650	63	6
34	1650	65	6
34	1650	66	8
34	1650	67	7
34	1650	69	5
34	1650	71	6
34	1650	72	8
34	1650	73	6
34	1650	75	5
34	1650	76	6
34	1650	77	6
34	1650	78	7
34	1650	79	6
34	1650	80	8
34	1650	82	9
34	1650	83	6
34	1650	85	5
34	1650	87	9
34	1650	88	7
34	1650	89	7
34	1650	90	6
34	1650	91	7
34	1650	92	6
34	1650	94	7
34	1650	95	7
34	1650	96	6
34	1650	97	6
34	1650	98	8
34	1650	99	5
34	1650	100	5
34	1650	102	7
34	1650	106	6
34	1650	107	6
34	1650	108	8
34	1650	109	7
34	1650	111	7
34	1650	114	6
34	1650	115	8
34	1650	116	7
34	1650	117	7
34	1650	118	6
34	1650	119	7
34	1650	120	10
34	1650	121	8
34	1650	122	7
34	1650	123	6
34	1650	124	6
34	1650	125	6
34	1650	127	6
34	1650	129	6
34	1650	132	7
34	1650	133	9
34	1650	134	5
34	1650	135	6
34	1650	137	6
34	1650	138	7
34	1650	139	8
34	1650	140	6
34	1650	142	7
34	1650	146	6
34	1650	147	6
34	1650	149	6
34	1650	150	7
34	1650	151	7
34	1650	152	6
34	1650	154	6
34	1650	160	6
34	1650	162	6
34	1650	163	7
34	1650	166	6
34	1650	167	6
34	1650	169	7
34	1650	170	8
34	1650	171	5
34	1650	172	6
34	1650	173	6
34	1650	174	7
34	1650	175	6
34	1650	176	6
34	1650	177	5
34	1650	180	6
34	1650	181	6
34	1650	182	10
34	1650	184	6
34	1650	186	4
34	1650	190	6
34	1650	192	6
34	1650	193	7
34	1650	195	7
34	1650	196	5
34	1650	197	7
34	1650	199	8
34	1650	201	6
34	1650	204	6
34	1650	205	7
34	1650	206	6
34	1650	207	6
34	1650	212	6
34	1650	213	7
34	1650	218	8
34	1650	220	6
34	1650	221	8
34	1650	222	7
34	1650	225	7
34	1650	233	6
34	1650	235	6
34	1650	236	8
34	1650	241	8
34	1650	244	7
34	1650	246	6
34	1650	247	5
34	1650	249	7
34	1650	255	6
34	1650	256	9
34	1650	257	7
34	1650	258	6
34	1650	259	5
34	1650	265	6
34	1650	268	7
34	1650	270	7
34	1650	271	5
34	1650	272	5
34	1650	273	5
34	1650	275	7
34	1650	278	6
34	1650	280	7
34	1650	282	6
34	1650	284	6
34	1650	285	8
34	1650	290	6
34	1650	299	5
34	1650	311	7
34	1650	319	7
34	1650	331	7
34	1650	351	8
34	1650	375	5
35	1700	0	6
35	1700	1	8
35	1700	2	5
35	1700	3	8
35	1700	5	7
35	1700	6	9
35	1700	9	9
35	1700	10	6
35	1700	12	7
35	1700	13	7
35	1700	14	6
35	1700	18	5
35	1700	19	6
35	1700	20	9
35	1700	21	6
35	1700	22	7
35	1700	23	6
35	1700	24	5
35	1700	25	6
35	1700	27	9
35	1700	28	5
35	1700	31	7
35	1700	33	7
35	1700	38	8
35	1700	41	7
35	1700	42	8
35	1700	43	7
35	1700	44	6
35	1700	47	7
35	1700	48	6
35	1700	49	7
35	1700	53	7
35	1700	55	5
35	1700	58	9
35	1700	59	6
35	1700	60	6
35	1700	61	6
35	1700	62	5
35	1700	63	7
35	1700	64	7
35	1700	65	6
35	1700	66	7
35	1700	67	6
35	1700	68	6
35	1700	69	6
35	1700	72	6
35	1700	73	7
35	1700	74	7
35	1700	75	7
35	1700	78	6
35	1700	79	6
35	1700	80	7
35	1700	81	6
35	1700	82	8
35	1700	83	6
35	1700	84	6
35	1700	85	7
35	1700	86	7
35	1700	88	6
35	1700	90	8
35	1700	91	6
35	1700	92	7
35	1700	93	7
35	1700	94	5
35	1700	95	5
35	1700	96	7
35	1700	97	8
35	1700	98	4
35	1700	99	7
35	1700	100	9
35	1700	104	6
35	1700	105	7
35	1700	106	8
35	1700	107	6
35	1700	108	6
35	1700	109	7
35	1700	110	6
35	1700	111	6
35	1700	112	6
35	1700	113	7
35	1700	115	6
35	1700	117	5
35	1700	118	7
35	1700	119	5
35	1700	120	8
35	1700	122	7
35	1700	123	6
35	1700	124	6
35	1700	125	5
35	1700	126	4
35	1700	127	8
35	1700	129	6
35	1700	130	7
35	1700	131	5
35	1700	132	6
35	1700	136	6
35	1700	140	6
35	1700	143	7
35	1700	144	3
35	1700	145	8
35	1700	148	6
35	1700	150	7
35	1700	156	8
35	1700	158	6
35	1700	161	6
35	1700	162	6
35	1700	164	7
35	1700	165	6
35	1700	167	4
35	1700	174	6
35	1700	177	5
35	1700	179	6
35	1700	180	8
35	1700	184	5
35	1700	185	7
35	1700	186	9
35	1700	187	6
35	1700	190	7
35	1700	192	6
35	1700	193	8
35	1700	197	6
35	1700	198	7
35	1700	199	7
35	1700	202	7
35	1700	203	5
35	1700	204	6
35	1700	205	6
35	1700	208	5
35	1700	215	6
35	1700	216	6
35	1700	217	9
35	1700	218	5
35	1700	220	6
35	1700	221	9
35	1700	223	5
35	1700	227	5
35	1700	228	7
35	1700	230	5
35	1700	237	6
35	1700	238	8
35	1700	240	5
35	1700	242	6
35	1700	244	8
35	1700	245	7
35	1700	250	6
35	1700	252	7
35	1700	257	6
35	1700	260	8
35	1700	266	6
35	1700	269	6
35	1700	270	6
35	1700	271	6
35	1700	273	5
35	1700	274	5
35	1700	275	9
35	1700	277	7
35	1700	281	6
35	1700	284	6
35	1700	286	6
35	1700	290	5
35	1700	291	6
35	1700	292	6
35	1700	294	5
35	1700	297	7
35	1700	299	6
35	1700	306	8
35	1700	308	5
35	1700	314	7
35	1700	316	5
35	1700	317	7
35	1700	325	6
35	1700	343	7
35	1700	346	7
35	1700	351	4
35	1700	353	5
35	1700	367	7
35	1700	369	6
35	1700	409	6
35	1700	410	5
36	1750	2	5
36	1750	4	4
36	1750	5	9
36	1750	6	7
36	1750	7	6
36	1750	9	5
36	1750	10	6
36	1750	11	6
36	1750	13	9
36	1750	18	5
36	1750	19	7
36	1750	20	6
36	1750	22	9
36	1750	25	7
36	1750	27	7
36	1750	28	7
36	1750	35	8
36	1750	39	7
36	1750	43	6
36	1750	44	6
36	1750	45	6
36	1750	47	6
36	1750	48	4
36	1750	50	6
36	1750	52	5
36	1750	55	4
36	1750	56	7
36	1750	57	7
36	1750	60	7
36	1750	61	6
36	1750	67	5
36	1750	68	5
36	1750	69	5
36	1750	71	8
36	1750	75	8
36	1750	78	6
36	1750	79	8
36	1750	80	6
36	1750	82	4
36	1750	83	6
36	1750	84	5
36	1750	85	6
36	1750	87	6
36	1750	88	7
36	1750	89	9
36	1750	90	5
36	1750	93	7
36	1750	94	6
36	1750	95	6
36	1750	99	7
36	1750	102	6
36	1750	103	8
36	1750	104	6
36	1750	105	6
36	1750	106	6
36	1750	110	5
36	1750	113	7
36	1750	114	6
36	1750	115	7
36	1750	118	6
36	1750	119	7
36	1750	120	6
36	1750	121	6
36	1750	123	9
36	1750	124	7
36	1750	126	6
36	1750	127	8
36	1750	128	6
36	1750	130	9
36	1750	131	5
36	1750	132	5
36	1750	133	9
36	1750	135	7
36	1750	137	6
36	1750	148	6
36	1750	149	7
36	1750	150	6
36	1750	151	7
36	1750	152	7
36	1750	153	7
36	1750	156	4
36	1750	157	7
36	1750	158	6
36	1750	159	6
36	1750	160	8
36	1750	165	8
36	1750	166	6
36	1750	170	7
36	1750	171	5
36	1750	172	6
36	1750	173	5
36	1750	174	6
36	1750	175	8
36	1750	178	6
36	1750	179	6
36	1750	181	7
36	1750	183	5
36	1750	186	7
36	1750	189	8
36	1750	192	6
36	1750	195	6
36	1750	196	8
36	1750	201	7
36	1750	202	6
36	1750	205	4
36	1750	206	10
36	1750	208	7
36	1750	209	6
36	1750	210	7
36	1750	211	7
36	1750	220	9
36	1750	222	6
36	1750	225	6
36	1750	229	6
36	1750	231	6
36	1750	232	6
36	1750	234	4
36	1750	241	8
36	1750	243	7
36	1750	244	6
36	1750	245	8
36	1750	250	6
36	1750	252	6
36	1750	253	4
36	1750	254	7
36	1750	255	4
36	1750	256	5
36	1750	257	7
36	1750	258	7
36	1750	261	6
36	1750	262	7
36	1750	270	7
36	1750	274	6
36	1750	275	5
36	1750	276	7
36	1750	277	7
36	1750	278	8
36	1750	280	7
36	1750	281	6
36	1750	283	5
36	1750	284	6
36	1750	285	4
36	1750	286	5
36	1750	287	6
36	1750	288	9
36	1750	290	6
36	1750	291	5
36	1750	294	8
36	1750	297	7
36	1750	303	6
36	1750	304	9
36	1750	318	5
36	1750	321	6
36	1750	322	4
36	1750	323	4
36	1750	329	5
36	1750	330	5
36	1750	332	7
37	1800	1	7
37	1800	3	7
37	1800	4	7
37	1800	5	5
37	1800	6	6
37	1800	11	8
37	1800	15	6
37	1800	16	5
37	1800	18	8
37	1800	21	5
37	1800	22	5
37	1800	25	5
37	1800	28	5
37	1800	29	6
37	1800	30	6
37	1800	33	6
37	1800	37	6
37	1800	38	7
37	1800	40	8
37	1800	42	7
37	1800	44	5
37	1800	46	6
37	1800	49	7
37	1800	51	6
37	1800	52	7
37	1800	53	7
37	1800	56	7
37	1800	57	5
37	1800	59	8
37	1800	61	6
37	1800	66	5
37	1800	73	6
37	1800	78	4
37	1800	79	6
37	1800	84	6
37	1800	85	6
37	1800	87	5
37	1800	91	5
37	1800	92	6
37	1800	93	6
37	1800	97	7
37	1800	100	5
37	1800	101	5
37	1800	103	7
37	1800	104	4
37	1800	107	7
37	1800	108	6
37	1800	109	6
37	1800	112	6
37	1800	113	6
37	1800	114	7
37	1800	115	6
37	1800	117	6
37	1800	120	7
37	1800	122	7
37	1800	123	7
37	1800	125	4
37	1800	126	6
37	1800	127	7
37	1800	128	6
37	1800	129	5
37	1800	132	6
37	1800	134	6
37	1800	135	5
37	1800	136	9
37	1800	139	8
37	1800	140	6
37	1800	143	5
37	1800	144	6
37	1800	147	7
37	1800	149	6
37	1800	150	5
37	1800	151	6
37	1800	153	6
37	1800	156	6
37	1800	163	6
37	1800	164	6
37	1800	165	6
37	1800	166	3
37	1800	169	6
37	1800	171	7
37	1800	173	6
37	1800	176	7
37	1800	178	6
37	1800	182	7
37	1800	184	6
37	1800	188	5
37	1800	192	7
37	1800	199	9
37	1800	206	9
37	1800	209	6
37	1800	212	4
37	1800	213	7
37	1800	214	7
37	1800	216	6
37	1800	217	6
37	1800	222	7
37	1800	225	7
37	1800	226	6
37	1800	229	7
37	1800	230	6
37	1800	233	5
37	1800	236	9
37	1800	238	6
37	1800	239	8
37	1800	240	5
37	1800	241	6
37	1800	244	8
37	1800	245	7
37	1800	247	5
37	1800	248	7
37	1800	249	7
37	1800	250	4
37	1800	255	6
37	1800	256	6
37	1800	260	4
37	1800	262	6
37	1800	265	7
37	1800	266	7
37	1800	267	9
37	1800	270	4
37	1800	272	7
37	1800	274	9
37	1800	277	5
37	1800	278	5
37	1800	279	9
37	1800	281	7
37	1800	282	8
37	1800	285	5
37	1800	288	7
37	1800	289	6
37	1800	299	6
37	1800	300	4
37	1800	309	6
37	1800	310	8
37	1800	313	6
37	1800	314	5
37	1800	315	6
37	1800	317	6
37	1800	327	8
37	1800	328	4
37	1800	330	6
37	1800	333	5
37	1800	336	5
37	1800	339	6
37	1800	342	6
37	1800	348	8
37	1800	352	6
37	1800	369	7
37	1800	377	4
38	1850	1	8
38	1850	2	9
38	1850	4	6
38	1850	6	7
38	1850	7	7
38	1850	9	4
38	1850	10	7
38	1850	12	6
38	1850	15	5
38	1850	18	5
38	1850	19	5
38	1850	20	6
38	1850	21	7
38	1850	22	7
38	1850	25	9
38	1850	29	6
38	1850	31	8
38	1850	34	6
38	1850	36	8
38	1850	38	6
38	1850	39	8
38	1850	40	6
38	1850	42	4
38	1850	44	7
38	1850	45	9
38	1850	47	5
38	1850	51	9
38	1850	59	7
38	1850	60	7
38	1850	61	6
38	1850	62	7
38	1850	64	8
38	1850	65	7
38	1850	66	6
38	1850	67	6
38	1850	68	4
38	1850	69	7
38	1850	70	5
38	1850	71	6
38	1850	76	6
38	1850	77	6
38	1850	82	8
38	1850	83	6
38	1850	86	7
38	1850	88	6
38	1850	89	9
38	1850	90	7
38	1850	92	7
38	1850	94	6
38	1850	95	7
38	1850	96	6
38	1850	98	5
38	1850	99	4
38	1850	101	8
38	1850	102	6
38	1850	103	7
38	1850	105	8
38	1850	106	7
38	1850	107	5
38	1850	109	5
38	1850	112	6
38	1850	115	6
38	1850	117	6
38	1850	118	7
38	1850	121	6
38	1850	122	6
38	1850	123	6
38	1850	128	5
38	1850	130	4
38	1850	131	6
38	1850	132	7
38	1850	134	7
38	1850	135	5
38	1850	136	6
38	1850	137	6
38	1850	138	6
38	1850	142	7
38	1850	143	10
38	1850	144	6
38	1850	146	6
38	1850	150	6
38	1850	151	6
38	1850	153	6
38	1850	155	6
38	1850	159	7
38	1850	160	7
38	1850	163	5
38	1850	168	5
38	1850	169	6
38	1850	171	7
38	1850	176	7
38	1850	179	6
38	1850	183	7
38	1850	188	7
38	1850	189	8
38	1850	191	8
38	1850	192	4
38	1850	193	8
38	1850	194	6
38	1850	196	5
38	1850	197	6
38	1850	198	7
38	1850	199	4
38	1850	202	8
38	1850	204	6
38	1850	205	4
38	1850	206	5
38	1850	207	5
38	1850	210	6
38	1850	211	8
38	1850	212	8
38	1850	214	8
38	1850	215	6
38	1850	216	6
38	1850	218	5
38	1850	220	8
38	1850	222	6
38	1850	223	6
38	1850	225	5
38	1850	226	6
38	1850	236	6
38	1850	238	5
38	1850	240	7
38	1850	253	5
38	1850	254	7
38	1850	256	6
38	1850	257	6
38	1850	258	6
38	1850	259	6
38	1850	261	6
38	1850	262	4
38	1850	263	6
38	1850	268	7
38	1850	271	6
38	1850	278	4
38	1850	279	7
38	1850	281	8
38	1850	285	7
38	1850	287	6
38	1850	288	8
38	1850	298	5
38	1850	299	5
38	1850	301	5
38	1850	303	4
38	1850	305	6
38	1850	307	7
38	1850	309	7
38	1850	310	7
38	1850	314	6
38	1850	321	6
38	1850	326	8
38	1850	328	6
38	1850	340	6
38	1850	341	7
38	1850	375	5
38	1850	378	4
38	1850	379	5
38	1850	393	6
38	1850	410	6
38	1850	413	4
38	1850	416	6
38	1850	418	5
39	1900	1	6
39	1900	6	6
39	1900	7	8
39	1900	8	8
39	1900	9	6
39	1900	12	4
39	1900	17	8
39	1900	19	4
39	1900	22	6
39	1900	23	6
39	1900	26	6
39	1900	27	6
39	1900	29	6
39	1900	30	7
39	1900	31	6
39	1900	34	7
39	1900	38	9
39	1900	41	9
39	1900	45	5
39	1900	49	7
39	1900	53	6
39	1900	56	7
39	1900	57	5
39	1900	58	8
39	1900	59	7
39	1900	60	8
39	1900	63	7
39	1900	64	7
39	1900	65	6
39	1900	66	7
39	1900	69	6
39	1900	71	7
39	1900	73	5
39	1900	76	5
39	1900	77	9
39	1900	78	6
39	1900	79	7
39	1900	81	6
39	1900	83	5
39	1900	89	7
39	1900	90	7
39	1900	92	7
39	1900	93	8
39	1900	94	6
39	1900	96	5
39	1900	98	7
39	1900	99	6
39	1900	100	9
39	1900	101	6
39	1900	106	7
39	1900	107	6
39	1900	109	4
39	1900	110	4
39	1900	112	7
39	1900	115	5
39	1900	117	7
39	1900	118	5
39	1900	119	5
39	1900	120	8
39	1900	121	6
39	1900	122	6
39	1900	123	5
39	1900	125	6
39	1900	126	6
39	1900	128	6
39	1900	131	6
39	1900	139	6
39	1900	141	7
39	1900	143	7
39	1900	144	6
39	1900	147	7
39	1900	149	6
39	1900	150	7
39	1900	152	6
39	1900	153	7
39	1900	154	5
39	1900	157	6
39	1900	159	5
39	1900	164	6
39	1900	165	6
39	1900	166	5
39	1900	167	6
39	1900	168	9
39	1900	170	4
39	1900	172	7
39	1900	173	5
39	1900	174	6
39	1900	175	6
39	1900	176	7
39	1900	177	5
39	1900	179	8
39	1900	180	6
39	1900	181	5
39	1900	184	8
39	1900	187	6
39	1900	188	4
39	1900	191	5
39	1900	192	5
39	1900	195	6
39	1900	196	5
39	1900	198	6
39	1900	199	5
39	1900	201	6
39	1900	202	6
39	1900	204	8
39	1900	205	5
39	1900	208	6
39	1900	211	7
39	1900	213	5
39	1900	215	7
39	1900	216	6
39	1900	217	7
39	1900	222	7
39	1900	224	10
39	1900	227	5
39	1900	230	9
39	1900	231	5
39	1900	232	6
39	1900	233	5
39	1900	234	6
39	1900	240	5
39	1900	244	7
39	1900	249	9
39	1900	250	5
39	1900	253	8
39	1900	254	6
39	1900	255	6
39	1900	256	7
39	1900	260	5
39	1900	263	6
39	1900	266	7
39	1900	271	7
39	1900	272	6
39	1900	276	7
39	1900	280	5
39	1900	282	6
39	1900	284	7
39	1900	286	5
39	1900	294	7
39	1900	313	6
39	1900	315	6
39	1900	316	7
39	1900	328	7
39	1900	330	7
39	1900	331	5
39	1900	336	4
39	1900	338	6
39	1900	344	4
39	1900	350	7
39	1900	352	5
39	1900	357	7
39	1900	358	9
39	1900	362	6
39	1900	367	6
40	1950	0	4
40	1950	2	8
40	1950	4	8
40	1950	5	8
40	1950	6	7
40	1950	7	8
40	1950	10	7
40	1950	11	7
40	1950	14	7
40	1950	18	6
40	1950	19	8
40	1950	20	8
40	1950	21	6
40	1950	23	8
40	1950	24	7
40	1950	26	6
40	1950	27	7
40	1950	28	10
40	1950	29	7
40	1950	30	4
40	1950	32	5
40	1950	34	8
40	1950	35	7
40	1950	37	6
40	1950	38	9
40	1950	39	6
40	1950	41	5
40	1950	42	7
40	1950	43	7
40	1950	44	8
40	1950	45	9
40	1950	49	7
40	1950	50	7
40	1950	52	6
40	1950	53	7
40	1950	54	7
40	1950	55	6
40	1950	56	6
40	1950	57	8
40	1950	59	8
40	1950	61	7
40	1950	62	6
40	1950	63	9
40	1950	64	6
40	1950	65	7
40	1950	66	8
40	1950	67	8
40	1950	68	7
40	1950	69	5
40	1950	70	8
40	1950	71	8
40	1950	72	6
40	1950	74	5
40	1950	75	6
40	1950	76	8
40	1950	77	6
40	1950	78	6
40	1950	79	8
40	1950	80	6
40	1950	81	8
40	1950	83	5
40	1950	86	6
40	1950	88	7
40	1950	90	7
40	1950	91	4
40	1950	92	6
40	1950	93	7
40	1950	101	7
40	1950	107	5
40	1950	108	6
40	1950	109	5
40	1950	111	5
40	1950	112	8
40	1950	116	8
40	1950	117	8
40	1950	119	6
40	1950	120	8
40	1950	121	5
40	1950	122	7
40	1950	123	6
40	1950	124	8
40	1950	125	6
40	1950	128	7
40	1950	129	8
40	1950	131	7
40	1950	132	6
40	1950	133	4
40	1950	135	3
40	1950	136	7
40	1950	137	8
40	1950	144	7
40	1950	146	6
40	1950	147	7
40	1950	149	7
40	1950	151	6
40	1950	152	5
40	1950	155	5
40	1950	157	7
40	1950	160	6
40	1950	161	8
40	1950	165	5
40	1950	166	5
40	1950	167	6
40	1950	170	5
40	1950	172	8
40	1950	173	7
40	1950	174	7
40	1950	175	6
40	1950	176	6
40	1950	181	6
40	1950	182	9
40	1950	183	5
40	1950	185	7
40	1950	187	8
40	1950	190	6
40	1950	191	6
40	1950	192	7
40	1950	193	7
40	1950	195	6
40	1950	197	5
40	1950	198	6
40	1950	201	7
40	1950	202	5
40	1950	203	6
40	1950	204	6
40	1950	205	8
40	1950	206	6
40	1950	207	8
40	1950	209	6
40	1950	212	7
40	1950	213	10
40	1950	214	6
40	1950	216	6
40	1950	217	5
40	1950	218	7
40	1950	219	6
40	1950	221	7
40	1950	224	6
40	1950	227	6
40	1950	230	5
40	1950	236	7
40	1950	237	7
40	1950	238	6
40	1950	241	6
40	1950	244	3
40	1950	248	7
40	1950	250	6
40	1950	251	5
40	1950	254	7
40	1950	256	6
40	1950	259	6
40	1950	274	6
40	1950	276	5
40	1950	277	5
40	1950	282	6
40	1950	283	8
40	1950	284	6
40	1950	286	7
40	1950	287	6
40	1950	288	8
40	1950	293	5
40	1950	296	6
40	1950	298	7
40	1950	302	7
40	1950	303	3
40	1950	311	6
40	1950	316	5
40	1950	325	7
40	1950	344	6
40	1950	345	4
40	1950	352	5
40	1950	381	4
40	1950	383	5
40	1950	391	6
40	1950	392	4
40	1950	406	5
