trajectory.id	rank.contact.1	rank.contact.2	rank.contact.3	rank.contact.4	rank.contact.5	rank.contact.6	rank.contact.7	rank.contact.8	rank.contact.9	rank.contact.10	rank.contact.11	rank.contact.12	traj.len
0	40	40	40	40	40	40	5	4	3	3	3	2	40
1	37	37	35	35	33	9	8	6	5	2	1	1	37
2	38	32	29	28	23	21	18	13	8	7	6	5	38
3	40	40	39	38	36	32	11	7	4	3	3	3	40
4	31	31	30	30	22	10	6	4	4	4	2	2	31
5	35	35	35	35	33	32	31	1	1	1	1	1	35
6	32	32	32	32	30	22	5	4	3	3	2	2	32
7	40	40	40	37	35	32	11	7	5	3	3	2	40
8	38	37	34	32	32	23	12	11	10	9	7	6	38
9	39	38	36	36	32	27	23	10	10	10	7	6	39
10	29	29	27	23	23	7	4	4	3	3	2	1	29
11	40	40	40	40	39	37	13	9	7	5	4	4	40
12	40	40	40	40	39	32	28	5	3	3	2	2	40
13	35	35	34	33	32	32	4	2	1	1	1	1	35
14	35	33	32	32	28	25	12	8	5	4	3	3	35
15	38	38	38	35	35	34	9	5	5	4	4	3	38
16	39	38	37	37	33	32	10	7	6	6	6	6	40
17	40	40	40	40	38	36	34	12	8	7	7	5	40
18	38	32	23	22	19	18	12	12	8	8	7	6	40
19	23	23	23	23	23	23	8	2	1	1	1	1	23
20	38	37	36	35	32	31	12	7	7	5	4	4	40
21	39	38	38	35	35	31	17	7	5	4	3	3	39
22	40	39	37	35	34	25	12	11	6	6	6	6	40
23	36	36	36	36	35	30	27	7	7	3	3	3	36
24	38	37	36	36	34	33	7	6	6	6	5	4	40
25	34	34	34	34	30	24	8	4	3	2	2	2	34
26	40	40	36	36	35	23	12	9	4	4	3	3	40
27	38	36	36	35	26	22	11	8	7	6	5	5	40
28	40	40	39	37	37	21	18	15	7	4	2	2	40
29	31	31	31	30	29	26	2	1	1	1	1	NA	31
30	36	36	33	31	31	29	10	5	4	4	4	4	37
31	32	32	32	31	30	29	5	2	1	1	1	1	32
32	40	40	39	36	35	34	34	9	7	5	4	4	40
33	37	37	36	35	33	32	5	4	4	3	3	3	37
34	40	40	39	37	35	17	13	12	10	8	7	6	40
35	40	40	37	36	35	32	7	4	4	2	2	2	40
36	40	40	40	40	40	40	5	5	4	2	2	2	40
37	40	40	38	37	35	33	12	8	8	7	4	4	40
38	40	40	40	40	40	38	5	5	4	2	2	2	40
39	40	40	38	37	32	31	31	10	8	8	7	5	40
40	40	40	40	40	39	38	10	9	7	6	5	5	40
41	40	40	40	40	40	40	3	2	2	2	2	2	40
42	40	40	40	39	38	37	29	6	4	4	4	3	40
43	34	34	34	34	30	29	7	6	4	4	3	2	34
44	25	25	24	24	24	23	6	4	3	3	3	2	25
45	40	40	38	37	36	33	15	5	4	4	3	3	40
46	27	27	27	21	21	8	1	NA	NA	NA	NA	NA	27
47	40	40	40	40	39	30	15	9	5	5	3	3	40
48	36	36	35	35	32	30	30	6	4	2	2	2	36
49	40	37	37	34	27	21	12	12	6	5	3	2	40
50	38	38	36	35	35	33	14	7	5	4	4	3	38
51	29	29	29	26	19	16	7	5	2	2	1	1	29
52	29	29	29	26	25	8	2	1	1	1	1	NA	29
53	31	31	31	29	28	14	8	1	1	1	NA	NA	31
54	34	34	34	31	30	27	25	2	2	1	1	1	34
55	31	30	29	28	22	11	7	6	6	5	5	4	36
56	32	32	31	28	13	7	7	4	4	4	2	2	32
57	33	33	33	31	30	29	28	4	2	2	2	2	33
58	35	35	35	35	31	30	5	4	4	3	3	2	35
59	35	35	35	34	31	30	27	4	4	3	3	1	35
60	29	29	29	29	28	20	11	3	2	2	2	2	29
61	35	35	34	33	30	12	9	3	3	2	2	1	35
62	34	34	32	31	31	31	13	10	3	3	2	1	34
63	33	33	33	32	31	30	7	5	3	2	2	1	33
64	37	37	34	33	29	28	9	8	7	6	5	4	37
65	36	36	36	35	32	30	16	13	12	9	9	7	40
66	37	36	36	34	34	33	9	8	5	3	3	2	38
67	32	32	32	32	26	13	8	7	6	5	2	2	32
68	40	40	40	38	35	35	8	6	5	5	5	4	40
69	38	38	37	35	34	34	6	5	2	1	1	NA	38
70	40	40	39	37	35	34	5	5	4	4	3	3	40
71	36	36	32	32	32	11	9	7	7	5	5	4	36
72	40	40	40	40	37	34	18	6	6	5	4	4	40
73	40	40	40	40	40	21	10	10	7	6	6	5	40
74	37	37	37	34	34	25	23	12	11	7	5	4	37
75	40	40	40	39	39	35	12	9	7	6	6	5	40
76	40	40	40	40	39	9	7	6	5	4	4	2	40
77	40	40	40	40	40	13	10	9	5	4	4	2	40
78	33	33	33	33	33	33	4	2	2	2	2	2	33
79	40	40	40	40	40	37	7	5	3	2	2	2	40
80	37	37	37	33	32	32	15	12	9	6	5	5	40
81	40	40	40	40	37	32	15	7	4	2	2	2	40
82	23	23	23	23	2	2	1	1	1	1	1	1	23
83	40	40	40	40	39	32	10	7	5	5	5	4	40
84	27	27	27	26	23	5	5	4	2	1	1	1	27
85	40	40	40	34	33	18	11	10	9	9	7	7	40
86	35	29	29	27	27	24	23	10	8	8	7	5	35
87	38	35	34	29	25	12	11	8	7	7	7	6	38
88	37	35	27	23	20	18	14	14	11	10	9	7	40
89	36	36	36	36	35	31	25	6	5	5	2	2	36
90	36	36	36	35	33	12	10	6	6	4	3	2	36
91	38	37	37	37	36	35	33	8	6	4	3	2	38
92	40	39	39	38	35	18	15	2	2	2	2	1	40
93	35	35	35	34	34	32	29	9	3	2	2	2	35
94	36	36	36	35	30	27	7	5	5	4	3	3	36
95	35	35	35	35	32	29	13	8	6	3	3	2	35
96	37	37	37	35	34	31	30	5	4	1	1	1	37
97	39	36	35	34	26	17	4	4	4	3	3	2	40
98	39	39	39	38	37	34	33	17	8	6	2	2	39
99	27	27	26	25	25	9	7	2	1	1	1	1	27
100	32	29	28	28	28	25	24	4	4	4	3	3	32
101	30	30	30	29	27	19	12	2	2	1	1	1	30
102	30	30	30	29	28	20	16	7	1	1	1	1	30
103	31	31	31	29	27	25	4	3	3	2	2	1	31
104	31	31	31	31	29	27	27	4	4	1	NA	NA	31
105	38	36	35	33	30	30	11	6	4	2	2	2	38
106	36	35	33	30	30	28	10	5	5	4	3	2	40
107	28	28	28	28	28	28	6	2	1	1	1	1	28
108	36	36	36	34	34	31	9	5	5	4	2	2	36
109	40	38	38	37	33	29	13	11	4	4	4	4	40
110	40	40	40	39	38	36	35	13	8	5	5	3	40
111	39	36	35	33	32	31	7	7	5	5	5	4	40
112	40	40	40	38	35	33	4	4	3	2	2	2	40
113	40	40	40	40	40	36	35	9	7	6	6	5	40
114	34	34	34	34	34	14	2	1	1	NA	NA	NA	34
115	40	40	39	38	38	33	14	10	8	5	4	3	40
116	37	37	37	37	34	24	14	11	4	2	2	1	37
117	40	40	40	40	40	40	11	4	4	4	3	2	40
118	40	40	40	40	39	23	13	11	8	8	7	6	40
119	36	36	35	32	32	31	13	10	7	6	5	4	39
120	40	40	40	37	34	30	12	11	8	4	2	2	40
121	40	40	40	35	35	32	29	15	10	9	8	7	40
122	37	35	32	30	27	25	11	7	6	5	4	3	40
123	40	40	40	38	35	35	16	10	7	7	7	7	40
124	30	30	30	30	30	17	2	1	1	1	1	NA	30
125	36	36	35	33	31	22	10	9	6	5	5	4	40
126	40	40	37	36	35	28	14	7	6	4	3	3	40
127	36	36	35	35	35	31	1	1	NA	NA	NA	NA	36
128	29	29	28	27	27	16	10	4	3	1	1	1	29
129	28	28	26	19	7	4	3	2	2	2	2	1	28
130	30	30	30	30	26	25	15	3	2	2	1	1	30
131	31	31	30	30	27	26	26	6	2	2	2	2	31
132	28	28	28	28	24	23	22	2	1	NA	NA	NA	28
133	33	33	33	30	30	28	13	2	2	2	2	2	33
134	31	31	31	29	27	19	1	1	1	1	1	NA	31
135	33	33	32	32	30	5	2	2	2	2	2	1	33
136	33	33	32	32	31	31	4	3	3	2	2	2	36
137	40	40	40	36	36	23	10	7	4	4	3	3	40
138	32	32	32	32	32	32	9	5	4	3	1	1	32
139	40	40	40	40	40	33	9	6	5	5	4	2	40
140	40	40	40	40	40	40	26	11	8	6	4	2	40
141	40	40	40	40	39	39	36	5	4	4	4	4	40
142	40	40	40	40	38	36	9	5	4	4	4	3	40
143	39	39	39	38	37	35	9	7	6	5	4	3	40
144	40	40	40	40	36	36	6	5	4	4	2	2	40
145	40	40	40	37	35	33	31	12	9	7	4	3	40
146	40	38	37	36	31	27	8	8	5	4	4	4	40
147	35	35	34	33	33	32	9	3	2	2	2	2	35
148	36	36	36	36	35	22	10	4	2	2	1	1	36
149	39	34	34	34	31	31	30	17	11	8	4	4	40
150	35	35	35	31	23	19	15	6	4	4	4	3	35
151	37	37	34	34	32	31	20	7	4	2	2	2	37
152	39	39	39	39	39	30	25	15	8	3	2	2	39
153	35	35	35	34	32	29	22	13	5	4	2	2	35
154	33	33	33	33	33	31	1	1	1	1	1	1	33
155	33	33	33	33	32	30	3	3	2	2	2	1	33
156	40	40	37	36	35	32	15	8	6	6	6	4	40
157	32	32	31	30	28	27	17	3	1	1	1	NA	32
158	35	35	33	31	31	31	7	4	4	3	2	2	35
159	31	31	31	27	25	23	8	8	5	3	2	1	31
160	35	35	35	32	31	30	7	4	4	2	1	1	35
161	31	31	30	30	29	8	4	1	1	1	1	1	31
162	30	30	30	30	27	21	5	2	1	1	1	1	30
163	28	28	20	6	4	3	1	1	1	1	NA	NA	28
164	26	26	26	26	19	3	1	1	1	1	1	NA	26
165	24	24	24	23	1	1	NA	NA	NA	NA	NA	NA	24
166	29	29	28	27	10	3	3	1	1	1	NA	NA	29
167	30	30	30	28	28	20	13	4	3	1	1	1	30
168	28	28	28	25	24	18	14	1	1	1	1	1	28
169	30	30	30	28	26	25	24	6	4	4	2	2	30
170	32	32	32	31	30	28	28	2	1	1	1	1	32
171	32	32	31	30	28	28	28	4	2	2	1	1	32
172	34	34	34	31	31	14	12	2	2	1	1	1	34
173	35	35	35	35	35	33	10	3	1	1	1	NA	35
174	35	34	33	33	31	27	14	9	5	4	4	3	38
175	35	35	35	35	34	32	25	5	5	4	3	3	35
176	40	40	40	40	40	36	32	13	12	6	4	3	40
177	40	40	40	40	38	36	10	5	4	4	4	2	40
178	40	40	40	39	35	35	10	8	7	3	3	2	40
179	36	35	34	34	33	31	5	4	4	3	2	2	36
180	35	34	34	33	31	28	9	6	4	3	3	2	35
181	35	35	35	35	33	33	25	8	5	4	3	2	35
182	40	39	39	36	35	30	6	4	4	4	3	2	40
183	40	40	39	39	38	37	7	4	3	3	3	2	40
184	35	33	33	31	30	11	7	5	3	3	2	2	36
185	31	31	31	31	30	27	7	2	NA	NA	NA	NA	31
186	30	30	30	29	28	26	24	11	3	2	1	NA	30
187	31	31	31	28	27	2	1	1	1	1	1	NA	31
188	25	25	25	8	7	2	2	NA	NA	NA	NA	NA	25
189	26	26	26	19	8	2	1	1	1	1	NA	NA	26
190	30	30	30	28	25	16	7	6	3	2	2	2	30
191	30	30	30	28	26	5	2	1	1	NA	NA	NA	30
192	31	31	31	29	28	26	3	2	1	1	1	1	31
193	36	36	36	36	30	26	8	7	4	4	3	3	36
194	31	31	31	31	31	31	6	4	4	3	2	1	31
195	40	40	40	40	39	36	9	6	5	5	4	4	40
196	35	35	35	35	32	30	9	6	5	4	4	3	35
197	34	34	32	31	29	28	5	4	3	2	1	1	34
198	39	39	37	34	31	30	8	8	7	5	5	3	39
199	32	32	31	30	30	27	1	1	1	NA	NA	NA	32
200	35	35	30	27	26	26	5	4	3	2	2	1	35
201	31	31	31	30	28	26	2	1	NA	NA	NA	NA	31
202	37	37	37	33	32	32	3	2	2	2	1	1	37
203	38	38	37	37	33	26	25	6	4	2	1	1	38
204	25	25	24	20	4	3	3	1	1	1	NA	NA	25
205	27	27	27	25	24	14	5	2	2	1	1	1	27
206	37	37	34	32	25	9	6	3	2	1	1	1	37
207	28	28	28	20	16	9	4	3	1	1	1	1	28
208	27	27	27	26	13	4	1	1	1	1	1	NA	27
209	27	27	27	27	16	10	1	1	1	1	1	1	27
210	28	28	28	26	10	3	3	1	NA	NA	NA	NA	28
211	28	28	28	23	16	7	2	1	1	NA	NA	NA	28
212	26	26	25	24	14	9	3	2	2	1	NA	NA	26
213	36	36	36	35	31	14	12	3	3	2	2	2	36
214	30	30	30	29	28	27	25	4	3	3	2	2	30
215	34	34	33	32	30	21	6	5	5	4	4	2	34
216	27	27	27	25	24	24	4	3	2	2	1	1	27
217	30	30	30	27	26	22	2	1	1	NA	NA	NA	30
218	29	29	29	29	24	23	2	2	1	1	1	1	29
219	28	28	28	28	3	3	3	NA	NA	NA	NA	NA	28
220	34	34	34	32	31	30	8	5	4	4	3	3	34
221	33	33	32	32	31	30	7	4	3	2	2	2	33
222	35	33	32	31	30	29	6	6	4	4	4	3	36
223	31	31	31	31	30	28	24	1	1	1	NA	NA	31
224	29	29	29	28	27	24	24	3	2	NA	NA	NA	29
225	34	33	32	30	30	29	5	4	3	2	2	1	34
226	32	32	30	29	27	16	9	5	4	1	1	1	32
227	28	28	27	25	24	12	8	6	5	1	1	1	28
228	30	30	30	30	26	24	8	1	1	1	NA	NA	30
229	25	25	24	24	2	1	1	1	NA	NA	NA	NA	25
230	28	28	28	26	24	11	1	NA	NA	NA	NA	NA	28
231	30	30	30	27	27	12	11	3	3	3	3	1	30
232	25	25	25	23	14	13	4	1	1	1	NA	NA	25
233	30	30	30	29	23	18	2	1	1	NA	NA	NA	30
234	28	28	27	24	8	8	2	NA	NA	NA	NA	NA	28
235	27	27	24	21	10	5	1	1	1	NA	NA	NA	27
236	26	26	26	25	2	2	1	1	1	1	1	1	26
237	27	27	27	22	12	7	4	3	1	1	1	1	27
238	32	32	31	30	18	10	2	2	2	1	1	1	32
239	26	26	26	24	22	11	NA	NA	NA	NA	NA	NA	26
240	24	24	24	24	3	2	1	1	NA	NA	NA	NA	24
241	4	4	4	NA	NA	NA	NA	NA	NA	NA	NA	NA	4
242	7	7	7	2	1	1	NA	NA	NA	NA	NA	NA	7
243	33	33	32	25	10	8	4	1	1	NA	NA	NA	33
245	27	27	27	27	11	8	8	1	1	1	1	NA	27
246	23	23	23	1	NA	NA	NA	NA	NA	NA	NA	NA	23
247	25	25	25	16	4	2	1	NA	NA	NA	NA	NA	25
248	24	24	23	14	10	4	4	2	2	1	1	1	24
249	24	21	21	21	8	7	4	3	1	1	NA	NA	24
250	24	24	24	22	9	6	NA	NA	NA	NA	NA	NA	24
251	26	26	24	23	6	4	1	1	1	NA	NA	NA	26
252	32	32	24	24	10	7	5	1	1	1	1	NA	32
253	24	24	24	4	3	2	1	NA	NA	NA	NA	NA	24
254	24	24	24	22	13	2	1	1	1	NA	NA	NA	24
255	24	24	24	23	11	1	1	NA	NA	NA	NA	NA	24
257	24	24	24	23	6	4	1	1	NA	NA	NA	NA	24
258	22	22	22	12	11	3	NA	NA	NA	NA	NA	NA	22
259	23	23	22	18	9	2	1	1	NA	NA	NA	NA	23
261	26	24	22	10	10	1	1	1	1	1	NA	NA	26
264	23	23	20	8	8	5	4	3	3	3	NA	NA	23
265	20	20	20	3	2	1	1	NA	NA	NA	NA	NA	20
266	19	19	16	3	2	NA	NA	NA	NA	NA	NA	NA	19
267	19	19	4	3	2	1	NA	NA	NA	NA	NA	NA	19
268	23	21	21	16	16	13	12	11	10	8	8	5	32
269	28	26	14	14	13	12	7	3	3	3	3	2	28
270	34	30	21	17	15	10	8	8	5	4	4	4	34
271	22	22	22	22	8	7	6	1	1	1	1	1	22
272	26	26	22	13	12	10	1	1	1	1	1	NA	26
273	18	18	18	10	2	2	1	1	NA	NA	NA	NA	18
275	7	7	7	1	NA	NA	NA	NA	NA	NA	NA	NA	7
276	16	16	13	10	4	1	1	NA	NA	NA	NA	NA	16
277	16	16	16	16	1	NA	NA	NA	NA	NA	NA	NA	16
279	16	16	16	3	2	1	1	NA	NA	NA	NA	NA	16
280	25	25	25	24	10	4	1	NA	NA	NA	NA	NA	25
281	3	3	3	1	1	NA	NA	NA	NA	NA	NA	NA	3
283	14	14	14	12	NA	NA	NA	NA	NA	NA	NA	NA	14
285	13	13	11	2	2	1	1	1	NA	NA	NA	NA	13
286	4	4	4	1	NA	NA	NA	NA	NA	NA	NA	NA	4
287	10	10	10	3	3	2	NA	NA	NA	NA	NA	NA	10
289	13	13	12	12	5	2	2	1	1	1	NA	NA	13
291	11	11	11	8	7	7	4	1	1	1	1	NA	11
292	12	12	12	11	4	3	1	NA	NA	NA	NA	NA	12
294	3	3	3	1	NA	NA	NA	NA	NA	NA	NA	NA	3
295	7	7	6	1	NA	NA	NA	NA	NA	NA	NA	NA	7
296	10	10	8	2	1	1	NA	NA	NA	NA	NA	NA	10
297	10	10	10	4	NA	NA	NA	NA	NA	NA	NA	NA	10
298	9	9	7	3	2	1	NA	NA	NA	NA	NA	NA	9
299	11	11	11	1	1	1	NA	NA	NA	NA	NA	NA	11
301	3	3	3	NA	NA	NA	NA	NA	NA	NA	NA	NA	3
302	7	7	7	4	1	1	NA	NA	NA	NA	NA	NA	7
303	8	8	8	4	3	1	1	NA	NA	NA	NA	NA	8
304	9	9	6	2	1	1	NA	NA	NA	NA	NA	NA	9
305	10	10	6	4	4	NA	NA	NA	NA	NA	NA	NA	10
306	8	8	8	6	2	NA	NA	NA	NA	NA	NA	NA	8
307	8	8	8	4	3	2	1	NA	NA	NA	NA	NA	8
308	2	2	2	1	NA	NA	NA	NA	NA	NA	NA	NA	2
310	6	6	6	3	1	NA	NA	NA	NA	NA	NA	NA	6
311	2	2	2	NA	NA	NA	NA	NA	NA	NA	NA	NA	2
312	3	3	3	2	NA	NA	NA	NA	NA	NA	NA	NA	3
313	4	4	3	2	NA	NA	NA	NA	NA	NA	NA	NA	4
314	4	4	4	1	NA	NA	NA	NA	NA	NA	NA	NA	4
315	4	4	4	4	NA	NA	NA	NA	NA	NA	NA	NA	4
316	2	2	2	1	NA	NA	NA	NA	NA	NA	NA	NA	2
318	11	10	8	8	5	4	4	4	4	1	1	1	15
319	3	3	3	3	NA	NA	NA	NA	NA	NA	NA	NA	3
320	3	3	3	2	NA	NA	NA	NA	NA	NA	NA	NA	3
321	3	3	3	1	NA	NA	NA	NA	NA	NA	NA	NA	3
323	18	18	16	14	13	12	8	7	7	6	5	4	20
324	7	7	7	4	4	3	1	1	1	1	NA	NA	7
325	16	15	12	11	9	8	8	4	3	2	2	2	16
326	14	13	13	13	8	7	7	4	3	2	2	2	19
327	10	10	8	6	2	2	2	1	NA	NA	NA	NA	10
328	3	3	3	NA	NA	NA	NA	NA	NA	NA	NA	NA	3
329	5	4	4	4	4	3	3	1	1	NA	NA	NA	8
330	20	18	15	15	11	8	7	4	2	2	2	1	20
331	17	17	15	13	13	10	6	6	5	4	3	2	17
332	12	12	12	11	10	9	8	4	1	1	1	1	12
333	11	9	8	7	7	6	4	3	2	1	1	1	11
334	18	18	16	15	14	14	12	10	8	7	5	5	19
335	13	13	13	11	9	8	8	8	5	3	2	2	13
336	13	12	12	11	8	8	6	4	4	3	1	1	13
337	5	5	5	5	3	2	NA	NA	NA	NA	NA	NA	5
338	18	15	15	13	12	11	8	8	6	5	5	3	18
339	18	16	15	15	14	7	7	7	6	5	5	3	18
340	9	8	8	8	7	7	7	6	5	4	4	4	18
341	18	18	18	15	15	10	5	4	3	1	1	1	18
342	6	6	5	2	2	2	1	1	NA	NA	NA	NA	6
343	7	7	6	5	5	3	2	1	1	1	NA	NA	10
344	16	15	13	12	12	8	7	4	3	2	2	2	17
345	7	6	5	5	4	2	2	1	1	1	NA	NA	7
346	16	14	11	10	10	10	10	8	8	7	4	4	18
347	2	2	NA	NA	NA	NA	NA	NA	NA	NA	NA	NA	2
349	10	9	8	8	3	3	3	2	2	1	1	1	13
350	8	8	8	8	7	7	5	1	1	1	1	1	8
351	8	8	7	7	6	4	3	3	3	2	1	1	8
352	15	13	10	9	7	6	5	5	4	4	3	2	15
353	12	11	11	10	8	8	8	6	3	3	1	1	12
354	15	13	11	11	9	9	8	4	3	2	2	1	15
355	8	8	6	5	4	2	2	1	1	NA	NA	NA	8
356	14	13	12	12	11	9	9	8	8	5	4	4	15
357	9	9	9	8	7	6	2	1	1	NA	NA	NA	9
359	13	12	12	11	10	9	7	5	4	4	4	4	14
360	15	15	14	12	11	8	6	2	1	1	1	1	16
361	12	12	12	11	7	7	4	3	3	1	1	NA	12
362	16	16	15	15	14	12	4	4	3	3	2	1	16
363	5	4	4	4	2	1	1	1	1	1	1	1	6
364	13	11	10	7	6	6	5	4	4	3	3	3	16
365	11	11	10	9	9	8	7	5	4	3	2	2	14
366	15	14	13	13	12	11	9	7	7	7	6	4	16
367	13	12	10	10	8	7	3	3	1	1	1	1	13
368	15	15	15	15	14	13	12	5	5	3	2	2	15
369	15	15	15	13	12	11	10	5	4	3	3	3	15
370	7	6	5	5	4	3	3	1	1	1	1	NA	7
371	15	15	14	13	10	8	7	4	3	3	3	2	15
372	15	15	14	13	10	9	7	4	3	3	2	1	15
373	8	8	7	6	6	5	4	2	1	1	1	NA	8
374	7	5	5	4	3	3	3	3	2	2	2	2	14
375	10	8	7	6	5	5	5	5	4	3	3	3	15
376	15	15	13	12	12	11	7	5	4	2	2	2	15
377	14	13	11	11	10	6	3	3	2	2	2	2	15
378	14	14	12	11	9	9	9	6	5	5	5	4	14
379	10	8	7	6	6	4	3	1	1	1	1	1	10
380	10	10	8	6	6	6	5	4	3	2	2	1	10
381	14	14	14	12	12	8	5	4	3	3	2	2	14
382	14	13	12	12	12	10	6	2	1	1	1	1	14
383	11	11	11	11	9	9	8	8	8	6	5	3	11
384	12	9	8	8	7	6	6	6	6	5	3	3	14
385	8	7	6	5	4	2	2	2	2	1	1	1	8
386	8	5	5	5	3	3	3	3	3	3	2	2	14
387	9	9	9	9	7	4	2	2	2	2	2	2	12
388	13	13	12	12	11	10	9	6	4	3	3	2	13
389	5	5	4	3	3	1	1	1	1	NA	NA	NA	5
390	13	12	12	8	8	4	4	4	4	3	3	3	13
392	8	7	5	3	3	3	3	3	2	2	2	2	13
393	5	4	3	2	2	2	2	2	2	2	1	1	6
394	8	7	6	6	5	5	5	4	4	4	3	2	13
395	11	10	8	7	6	6	5	5	3	2	2	2	13
396	13	13	12	7	5	5	5	2	2	2	2	2	13
397	8	8	6	6	6	5	5	5	4	3	3	3	13
398	13	12	6	6	3	3	2	2	2	2	2	2	13
399	8	8	8	7	4	3	2	2	2	2	2	1	11
400	7	6	4	4	3	3	3	3	2	2	2	2	12
402	12	12	12	12	12	11	5	4	4	3	3	2	12
403	9	8	8	7	6	6	6	6	5	4	3	2	9
404	12	12	11	9	8	7	6	3	3	2	2	2	12
405	12	12	11	10	10	9	8	6	5	3	3	2	12
406	4	3	3	3	3	2	2	1	1	1	1	1	6
407	12	8	6	6	6	5	4	4	3	3	2	2	12
408	11	10	10	10	8	4	4	3	3	3	2	2	12
409	4	4	3	3	3	3	2	2	2	2	2	2	6
410	12	12	11	8	5	4	3	3	2	2	2	2	12
411	7	3	3	3	3	2	2	2	2	2	2	1	7
412	3	3	3	2	1	NA	NA	NA	NA	NA	NA	NA	3
413	8	6	5	5	4	4	4	4	3	3	3	2	12
414	12	9	6	5	3	3	3	3	3	3	3	3	12
415	3	2	2	2	2	2	1	1	1	NA	NA	NA	4
416	7	5	5	5	5	5	4	4	4	4	3	3	11
417	11	11	11	10	9	7	7	7	7	6	5	5	11
418	11	11	11	10	7	7	7	3	2	2	2	2	11
419	10	10	10	10	8	5	4	4	4	3	2	2	10
420	4	3	2	2	2	2	2	2	2	2	1	1	5
421	8	5	5	4	4	4	3	3	3	2	2	2	11
422	4	3	3	2	2	2	1	1	1	1	1	1	4
423	2	1	1	1	1	1	1	1	NA	NA	NA	NA	2
424	7	5	5	5	5	4	3	3	3	2	2	2	11
425	8	7	7	6	4	3	3	2	2	2	2	2	11
426	2	2	1	1	1	1	NA	NA	NA	NA	NA	NA	2
427	6	6	5	2	1	1	1	1	1	1	1	NA	6
428	8	8	6	6	4	4	4	3	3	3	3	3	11
429	8	7	7	6	6	6	5	5	4	4	4	3	10
430	9	8	7	7	6	5	4	3	3	2	2	2	10
431	6	4	2	2	2	1	1	1	1	1	1	1	6
432	6	6	5	5	4	4	4	4	3	3	3	2	10
433	8	7	6	5	5	5	5	4	4	3	3	3	8
434	10	10	10	7	7	6	3	2	2	1	1	1	10
435	7	6	6	5	5	4	4	3	3	2	2	2	10
436	9	9	8	7	4	3	3	3	3	2	2	2	10
437	10	10	8	7	7	6	5	4	4	3	3	2	10
438	2	2	1	1	1	1	1	1	NA	NA	NA	NA	2
439	9	8	6	5	5	4	3	3	3	2	2	2	10
440	2	2	2	1	1	1	1	1	1	NA	NA	NA	2
441	4	3	3	2	2	2	2	2	2	1	1	1	4
442	6	4	3	2	2	2	2	2	2	2	2	1	6
443	10	8	7	7	5	5	4	4	3	2	1	1	10
444	6	5	5	3	1	1	1	1	1	1	NA	NA	6
445	9	8	8	8	8	7	4	3	3	3	3	2	9
446	9	9	8	7	6	5	4	3	2	2	2	1	9
447	8	8	8	8	8	7	6	6	4	3	2	2	9
448	9	9	8	8	7	3	3	3	2	2	2	2	9
449	2	2	2	2	1	1	1	1	1	1	NA	NA	2
450	9	9	8	7	7	5	3	3	2	2	2	1	9
451	5	2	2	2	2	2	2	1	1	1	1	1	5
452	9	8	8	5	4	3	2	1	1	1	1	1	9
453	2	1	1	1	1	1	1	NA	NA	NA	NA	NA	2
454	3	3	2	2	2	2	1	1	1	1	1	1	4
455	4	4	3	3	2	2	2	2	2	2	2	2	6
456	3	3	2	2	2	2	2	2	1	1	1	1	3
457	9	7	6	6	6	5	4	3	2	2	2	2	9
458	9	7	5	5	4	4	3	3	3	3	2	2	9
459	7	5	4	4	4	3	3	2	2	1	1	1	7
460	4	4	4	2	2	1	1	NA	NA	NA	NA	NA	4
461	8	5	5	5	4	2	2	1	1	1	1	1	8
462	8	5	2	2	2	1	1	1	1	NA	NA	NA	9
463	8	8	8	7	5	4	2	2	2	1	1	1	8
464	8	8	7	7	6	5	4	4	3	3	1	1	8
465	8	8	7	7	5	4	3	3	3	3	2	2	8
466	8	7	7	7	7	7	7	3	3	2	2	1	8
467	4	4	4	4	4	2	2	2	2	1	1	NA	4
468	8	8	8	4	4	3	3	2	2	2	2	1	8
469	3	3	2	2	1	1	1	1	1	1	1	NA	3
470	7	6	6	6	5	4	3	2	2	2	2	2	8
471	2	2	1	1	1	1	1	NA	NA	NA	NA	NA	2
472	4	3	3	2	2	2	2	2	2	2	2	2	8
473	3	3	2	2	2	2	1	1	1	1	1	1	4
474	8	6	6	5	4	4	4	4	3	3	2	2	8
475	2	2	1	1	1	1	NA	NA	NA	NA	NA	NA	2
477	6	3	2	1	1	1	1	NA	NA	NA	NA	NA	6
478	8	4	3	3	2	2	1	1	1	1	NA	NA	8
479	7	7	7	7	6	6	5	5	5	3	3	3	7
480	7	7	7	6	6	6	6	6	5	5	4	4	7
481	7	7	7	7	7	6	5	3	3	2	2	1	7
482	2	2	2	1	1	1	1	1	1	1	NA	NA	2
483	6	6	6	6	5	5	4	3	3	3	2	NA	6
484	7	6	5	4	4	3	3	2	2	1	1	1	7
485	7	7	7	7	6	3	2	2	2	2	2	1	7
486	7	6	6	6	5	5	5	5	3	3	2	2	7
487	7	7	7	7	7	7	6	2	2	2	2	1	7
488	4	3	2	2	2	1	1	1	1	1	1	1	4
489	7	7	6	6	5	5	2	2	2	1	1	1	7
490	7	7	6	5	5	4	4	3	3	3	3	1	7
491	2	1	1	1	1	1	1	NA	NA	NA	NA	NA	2
493	7	7	7	6	5	3	3	3	3	2	2	2	7
494	7	6	5	4	4	3	2	2	2	2	1	1	7
495	5	5	4	2	2	2	1	1	1	1	1	1	5
496	7	6	5	4	4	3	3	2	2	2	2	2	7
497	7	7	6	5	4	3	2	2	2	2	1	1	7
498	7	6	6	5	3	2	2	2	2	1	1	1	7
499	2	1	1	1	1	1	1	1	NA	NA	NA	NA	2
500	4	3	3	2	2	2	2	2	2	2	2	2	6
501	5	3	3	3	2	1	1	1	1	1	1	1	6
502	6	6	6	6	6	5	2	2	2	1	1	1	6
503	2	2	2	2	2	2	2	1	1	1	1	NA	2
504	6	6	6	6	5	5	4	2	2	1	1	1	6
505	4	4	4	4	4	4	3	2	2	1	1	1	4
506	3	3	2	2	2	2	1	1	1	NA	NA	NA	3
507	6	6	6	6	6	6	5	5	4	4	3	3	6
508	3	3	2	1	1	1	NA	NA	NA	NA	NA	NA	3
509	5	4	3	2	2	2	2	2	1	1	1	1	6
510	4	4	4	4	2	2	1	1	1	1	1	1	4
511	2	2	2	2	2	2	1	1	1	1	1	1	3
512	6	5	5	4	3	3	2	2	2	2	2	2	6
513	6	5	5	5	5	5	4	2	1	1	1	1	6
514	6	5	5	4	4	3	2	2	2	2	1	1	6
515	6	5	5	5	5	5	2	1	1	1	1	NA	6
516	3	3	3	3	2	2	2	2	1	1	1	NA	3
517	5	5	4	3	1	1	1	1	1	1	1	NA	5
518	3	3	2	2	2	1	1	1	1	1	1	1	3
519	6	4	3	3	3	2	2	1	1	NA	NA	NA	6
520	6	5	4	4	2	2	2	2	1	1	1	1	6
521	5	4	4	3	3	3	2	2	2	2	1	1	6
522	6	6	4	3	3	1	1	1	1	1	1	1	6
523	4	4	3	3	2	2	2	2	2	2	2	2	6
524	6	6	6	5	5	2	1	1	1	1	1	1	6
526	6	6	5	5	5	2	1	1	1	1	1	1	6
527	3	2	2	2	1	1	1	1	1	1	1	1	3
528	2	2	2	1	1	1	1	1	1	1	1	1	2
529	6	6	5	4	2	2	2	2	1	1	1	1	6
530	3	3	2	2	2	2	1	1	1	1	1	1	3
532	6	4	3	3	1	1	1	1	1	1	1	1	6
534	6	5	5	4	4	4	3	2	1	1	1	1	6
535	6	5	5	5	4	2	2	2	1	1	1	1	6
536	6	5	4	4	3	2	2	2	2	2	2	2	6
537	6	6	6	5	5	1	1	1	1	1	1	1	6
538	5	4	3	2	2	2	2	2	2	2	2	1	6
539	4	3	3	2	2	1	1	1	1	1	1	1	5
540	6	6	5	3	3	2	2	2	1	1	1	1	6
541	6	6	4	3	2	2	2	1	1	1	1	1	6
544	4	4	3	3	3	3	2	2	1	1	1	1	6
545	4	3	2	1	1	1	1	1	1	1	NA	NA	4
546	2	2	2	2	2	1	1	1	1	1	1	1	4
547	6	4	4	3	3	2	2	2	2	1	1	1	6
548	5	5	4	3	3	2	1	1	1	1	1	1	5
549	5	5	5	5	5	5	4	4	4	2	1	1	5
551	5	5	5	5	5	4	4	3	3	2	2	1	5
552	5	5	5	5	5	4	3	2	2	1	1	1	5
554	5	5	5	5	3	3	2	2	2	1	1	1	5
555	5	5	5	5	5	4	3	2	2	1	1	1	5
556	5	5	5	5	4	3	2	1	1	1	NA	NA	5
557	5	4	3	3	3	2	2	1	1	1	NA	NA	5
558	5	5	5	5	5	4	1	1	NA	NA	NA	NA	5
559	5	5	5	2	2	2	2	2	2	2	2	1	5
560	5	5	5	5	3	2	2	1	1	1	1	NA	5
561	5	5	5	5	3	3	2	1	1	1	NA	NA	5
562	2	2	2	2	2	1	1	1	1	1	NA	NA	2
563	5	5	5	5	5	5	5	3	2	2	2	1	5
564	5	5	5	4	4	1	1	1	1	1	1	1	5
565	5	4	4	3	3	3	3	2	2	2	2	1	5
566	3	2	2	2	2	2	1	1	1	1	1	1	3
567	3	3	3	2	2	1	1	1	1	1	1	1	3
568	5	5	4	3	3	2	2	2	1	1	1	1	5
569	5	5	5	5	5	5	4	3	2	1	1	1	5
570	5	5	4	4	4	3	3	2	2	1	1	1	5
571	5	4	4	4	3	2	2	2	2	1	1	1	5
572	5	4	4	4	3	3	2	1	1	1	1	1	5
573	3	3	3	2	2	2	2	2	2	1	1	1	3
574	5	5	5	4	4	2	2	1	1	1	1	1	5
576	2	2	2	2	2	1	1	1	1	1	1	1	3
577	5	4	4	3	1	1	1	1	1	1	1	1	5
578	2	2	1	1	1	1	NA	NA	NA	NA	NA	NA	2
579	5	5	5	5	4	2	1	1	1	1	1	1	5
580	5	5	5	4	3	2	1	1	1	1	1	1	5
582	4	4	2	2	1	1	1	NA	NA	NA	NA	NA	4
583	5	4	4	3	3	2	2	1	1	1	1	1	5
584	2	2	1	1	1	1	NA	NA	NA	NA	NA	NA	2
585	3	3	3	3	2	2	2	2	1	1	NA	NA	4
586	5	5	5	4	3	2	1	1	1	1	1	1	5
587	2	2	2	2	2	1	1	1	NA	NA	NA	NA	2
588	4	4	4	4	4	2	2	2	2	1	1	1	4
589	4	4	4	3	3	2	1	1	1	1	1	1	4
591	4	4	4	4	4	3	3	1	1	1	1	NA	4
592	4	4	4	4	4	3	2	1	1	NA	NA	NA	4
594	4	3	3	2	2	1	1	1	NA	NA	NA	NA	4
595	3	3	2	2	2	2	2	1	1	1	NA	NA	3
596	2	2	2	2	2	2	2	1	1	1	1	1	2
597	3	3	2	2	2	2	1	1	1	1	1	1	4
598	4	4	4	4	3	2	2	1	1	1	1	1	4
599	4	4	4	4	3	2	2	2	2	1	1	1	4
600	4	4	3	3	3	3	2	2	1	1	1	1	4
601	4	4	4	4	3	2	1	1	1	1	1	1	4
602	4	4	4	4	3	2	2	2	2	2	2	1	4
603	3	3	2	2	2	1	1	1	1	1	1	1	3
605	4	4	3	3	3	3	2	2	1	1	1	NA	4
606	2	2	2	2	1	1	1	1	1	NA	NA	NA	2
607	4	4	2	1	1	1	1	1	NA	NA	NA	NA	4
610	2	2	2	1	1	1	1	1	1	1	NA	NA	2
611	2	2	2	2	1	1	1	1	1	1	1	NA	2
612	3	3	2	2	2	2	1	1	1	1	1	1	4
613	3	2	2	2	1	1	1	1	NA	NA	NA	NA	3
614	4	2	2	2	2	2	2	2	2	1	1	1	4
615	1	1	1	1	1	1	NA	NA	NA	NA	NA	NA	2
617	4	4	3	3	3	2	2	2	2	2	1	1	4
618	4	4	4	3	3	2	2	2	1	1	1	1	4
620	4	4	3	3	3	2	2	2	1	1	1	1	4
621	2	2	2	1	1	1	1	1	NA	NA	NA	NA	2
622	4	4	4	3	2	2	2	1	1	1	1	1	4
623	4	3	3	2	2	1	1	1	1	1	1	NA	4
624	4	4	4	3	3	2	2	1	1	NA	NA	NA	4
625	1	1	1	1	1	1	1	1	1	1	NA	NA	2
626	3	2	2	2	2	2	1	1	1	1	NA	NA	4
627	3	3	3	3	2	2	1	1	1	1	1	NA	3
628	3	3	3	3	3	2	2	1	1	1	1	1	3
629	3	3	3	2	1	1	1	1	NA	NA	NA	NA	3
630	3	3	3	3	3	3	1	1	1	NA	NA	NA	3
631	2	1	1	1	NA	NA	NA	NA	NA	NA	NA	NA	2
632	3	3	3	2	2	1	1	1	1	NA	NA	NA	3
633	3	3	1	1	1	1	1	1	1	1	1	NA	3
634	3	3	3	1	1	1	1	NA	NA	NA	NA	NA	3
635	3	3	3	2	2	1	1	NA	NA	NA	NA	NA	3
637	2	2	2	2	2	2	1	1	1	1	1	1	2
638	3	3	3	3	3	3	2	1	1	1	1	1	3
639	3	3	3	3	3	2	2	2	1	1	1	1	3
640	3	3	3	3	2	2	2	2	2	1	1	1	3
643	3	3	3	3	3	3	3	2	2	2	2	2	3
645	3	3	3	2	2	1	1	1	1	1	1	1	3
647	3	2	2	2	2	2	2	2	2	2	2	2	3
648	3	3	3	2	2	1	1	1	1	1	1	1	3
649	3	3	2	2	2	2	2	1	1	1	1	1	3
650	3	3	2	1	1	1	1	1	1	NA	NA	NA	3
651	3	3	3	NA	NA	NA	NA	NA	NA	NA	NA	NA	3
652	3	2	2	2	1	1	1	1	1	1	1	1	3
653	3	2	2	2	1	1	1	1	1	1	1	NA	3
654	2	2	2	1	1	1	1	1	1	NA	NA	NA	2
656	2	2	2	1	1	1	1	1	1	NA	NA	NA	2
657	3	2	2	2	2	2	1	1	1	1	NA	NA	3
658	3	3	2	2	1	1	1	1	1	1	NA	NA	3
659	3	3	3	3	2	1	1	NA	NA	NA	NA	NA	3
660	3	3	2	2	1	1	1	1	NA	NA	NA	NA	3
661	2	2	2	2	1	1	1	1	1	1	1	NA	2
662	2	2	2	1	1	1	1	NA	NA	NA	NA	NA	2
665	2	2	2	2	2	2	2	1	1	NA	NA	NA	2
667	2	2	1	1	1	NA	NA	NA	NA	NA	NA	NA	2
668	2	2	2	2	1	1	NA	NA	NA	NA	NA	NA	2
669	2	2	2	1	1	1	NA	NA	NA	NA	NA	NA	2
671	2	2	2	1	1	1	1	1	1	1	1	1	2
672	2	2	2	2	2	1	1	1	1	1	NA	NA	2
674	2	2	2	1	1	1	NA	NA	NA	NA	NA	NA	2
675	2	2	2	2	2	1	1	1	1	1	1	1	2
676	2	2	2	2	2	2	2	2	2	2	2	1	2
677	2	2	2	2	2	2	2	2	2	2	1	1	2
679	2	2	2	2	2	1	1	1	1	1	1	1	2
681	2	2	2	2	2	1	1	1	NA	NA	NA	NA	2
682	2	2	2	2	2	1	1	1	1	1	NA	NA	2
683	2	2	1	1	1	1	1	1	1	1	NA	NA	2
684	2	2	2	2	1	1	1	1	1	1	1	1	2
685	2	2	2	1	1	1	NA	NA	NA	NA	NA	NA	2
688	2	2	2	1	1	1	1	1	1	1	1	1	2
689	2	2	2	2	1	1	1	1	1	NA	NA	NA	2
