data.id	seg.size	status	RMS
c0_xy	1	-1	-2
c0_xy	385	1	-1
c0_xy	355	1	-1
c0_xy	434	1	-1
c0_xy	488	1	-1
c0_xy	348	1	-1
c0_xy	505	1	-1
c0_xy	440	0	0.217628
c0_xy	442	1	-1
c0_xy	346	1	-1
c0_xy	425	1	-1
c0_xy	363	1	-1
c0_xy	364	0	0.229775
c0_xy	405	1	-1
c0_xy	429	1	-1
c0_xy	358	1	-1
c0_xy	393	1	-1
c0_xy	264	1	-1
c0_xy	312	1	-1
c0_xy	330	1	-1
c0_xy	334	1	-1
c0_xy	346	1	-1
c0_xy	341	0	0.195211
c0_xy	370	1	-1
c0_xy	370	1	-1
c0_xy	402	1	-1
c0_xy	301	1	-1
c0_xy	324	1	-1
c0_xy	348	1	-1
c0_xy	365	1	-1
c0_xy	317	0	0.195904
c0_xy	345	1	-1
c0_xy	427	1	-1
c0_xy	271	0	0.177628
c0_xy	335	1	-1
c0_xy	309	1	-1
c0_xy	373	1	-1
c0_xy	388	1	-1
c0_xy	344	1	-1
c0_xy	144	1	-1
c0_xy	367	1	-1
c0_xy	344	1	-1
c0_xy	284	1	-1
c0_xy	329	1	-1
c0_xy	322	1	-1
c0_xy	316	1	-1
c0_xy	434	1	-1
c0_xy	275	1	-1
c0_xy	279	1	-1
c0_xy	355	1	-1
c0_xy	354	1	-1
c0_xy	507	1	-1
c0_xy	13	1	-1
c0_xy	355	1	-1
c0_xy	284	1	-1
c0_xy	456	0	0.213997
c0_xy	382	1	-1
c0_xy	306	1	-1
c0_xy	336	1	-1
c0_xy	387	1	-1
c0_xy	297	1	-1
c0_xy	420	1	-1
c0_xy	303	1	-1
c0_xy	356	1	-1
c0_xy	287	1	-1
c0_xy	323	1	-1
c0_xy	285	1	-1
c0_xy	306	1	-1
c0_xy	293	1	-1
c0_xy	354	1	-1
c0_xy	290	1	-1
c0_xy	206	1	-1
c0_xy	307	1	-1
c0_xy	352	1	-1
c0_xy	359	0	0.157221
c0_xy	321	1	-1
c0_xy	373	1	-1
c0_xy	294	0	0.215283
c0_xy	242	1	-1
c0_xy	348	1	-1
c0_xy	361	0	0.179672
c0_xy	334	1	-1
c0_xy	304	1	-1
c0_xy	354	1	-1
c0_xy	295	1	-1
c0_xy	283	1	-1
c0_xy	347	1	-1
c0_xy	315	1	-1
c0_xy	251	1	-1
c0_xy	275	1	-1
c0_xy	308	1	-1
c0_xy	360	1	-1
c0_xy	172	1	-1
c0_xy	355	1	-1
c0_xy	342	1	-1
c0_xy	382	1	-1
c0_xy	313	1	-1
c0_xy	277	1	-1
c0_xy	308	1	-1
c0_xy	291	0	0.201273
c0_xy	303	1	-1
c0_xy	318	1	-1
c0_xy	257	1	-1
c0_xy	330	1	-1
c0_xy	271	1	-1
c0_xy	255	1	-1
c0_xy	391	1	-1
c0_xy	279	1	-1
c0_xy	317	1	-1
c0_xy	290	1	-1
c0_xy	333	1	-1
c0_xy	285	1	-1
c0_xy	284	0	0.186342
c0_xy	350	1	-1
c0_xy	285	1	-1
c0_xy	334	1	-1
c0_xy	314	1	-1
c0_xy	328	1	-1
c0_xy	315	0	0.187564
c0_xy	358	1	-1
c0_xy	307	1	-1
c0_xy	302	1	-1
c0_xy	304	1	-1
c0_xy	324	1	-1
c0_xy	255	1	-1
c0_xy	381	1	-1
c0_xy	348	1	-1
c0_xy	269	1	-1
c0_xy	342	1	-1
c0_xy	296	1	-1
c0_xy	315	1	-1
c0_xy	336	1	-1
c0_xy	255	1	-1
c0_xy	304	0	0.200418
c0_xy	231	1	-1
c0_xy	392	1	-1
c0_xy	327	1	-1
c0_xy	407	1	-1
c0_xy	195	1	-1
c0_xy	372	1	-1
c0_xy	272	0	0.192188
c0_xy	331	1	-1
c0_xy	273	1	-1
c0_xy	264	1	-1
c0_xy	268	1	-1
c0_xy	331	1	-1
c0_xy	300	1	-1
c0_xy	217	1	-1
c0_xy	350	1	-1
c0_xy	271	1	-1
c0_xy	282	0	0.211601
c0_xy	455	1	-1
c0_xy	200	1	-1
c0_xy	229	1	-1
c0_xy	319	1	-1
c0_xy	342	1	-1
c0_xy	368	1	-1
c0_xy	288	1	-1
c0_xy	297	1	-1
c0_xy	285	0	0.198458
c0_xy	303	1	-1
c0_xy	280	1	-1
c0_xy	290	0	0.204713
c0_xy	323	1	-1
c0_xy	326	1	-1
c0_xy	315	0	0.215841
c0_xy	288	1	-1
c0_xy	320	1	-1
c0_xy	295	1	-1
c0_xy	274	1	-1
c0_xy	213	1	-1
c0_xy	261	1	-1
c0_xy	265	1	-1
c0_xy	481	1	-1
c0_xy	362	0	0.21001
c0_xy	437	1	-1
c0_xy	296	1	-1
c0_xy	301	1	-1
c0_xy	310	1	-1
c0_xy	409	1	-1
c0_xy	315	1	-1
c0_xy	332	1	-1
c0_xy	321	1	-1
c0_xy	318	1	-1
c0_xy	320	1	-1
c0_xy	202	1	-1
c0_xy	305	1	-1
c0_xy	243	1	-1
c0_xy	274	0	0.15882
c0_xy	259	0	0.218506
c0_xy	335	1	-1
c0_xy	314	1	-1
c0_xy	321	1	-1
c0_xy	278	1	-1
c0_xy	430	1	-1
c0_xy	309	1	-1
c0_xy	271	0	0.190944
c0_xy	300	1	-1
c0_xy	263	1	-1
c0_xy	238	1	-1
c0_xy	315	1	-1
c0_xy	213	1	-1
c0_xy	294	1	-1
c0_xy	311	1	-1
c0_xy	195	1	-1
c0_xy	255	1	-1
c0_xy	295	1	-1
c0_xy	282	1	-1
c0_xy	269	1	-1
c0_xy	302	0	0.202138
c0_xy	265	1	-1
c0_xy	283	1	-1
c0_xy	318	1	-1
c0_xy	257	1	-1
c0_xy	311	1	-1
c0_xy	332	1	-1
c0_xy	329	1	-1
c0_xy	287	1	-1
c0_xy	182	1	-1
c0_xy	271	1	-1
c0_xy	255	1	-1
c0_xy	244	1	-1
c0_xy	328	1	-1
c0_xy	281	1	-1
c0_xy	271	1	-1
c0_xy	357	1	-1
c0_xy	351	0	0.219146
c0_xy	332	1	-1
c0_xy	299	1	-1
c0_xy	286	1	-1
c0_xy	435	1	-1
c0_xy	274	1	-1
c0_xy	529	1	-1
c0_xy	312	1	-1
c0_xy	322	1	-1
c0_xy	278	0	0.248739
c0_xy	285	1	-1
c0_xy	281	1	-1
c0_xy	356	1	-1
c0_xy	355	1	-1
c0_xy	287	1	-1
c0_xy	306	0	0.195602
c0_xy	281	1	-1
c0_xy	236	1	-1
c0_xy	278	1	-1
c0_xy	282	1	-1
c0_xy	292	1	-1
c0_xy	252	1	-1
c0_xy	279	1	-1
c0_xy	276	1	-1
c0_xy	318	1	-1
c0_xy	333	1	-1
c0_xy	500	1	-1
c0_xy	206	1	-1
c0_xy	420	1	-1
c0_xy	307	1	-1
c0_xy	261	1	-1
c0_xy	217	0	0.200199
c0_xy	285	0	0.205716
c0_xy	300	1	-1
c0_xy	274	1	-1
c0_xy	292	1	-1
c0_xy	293	1	-1
c0_xy	289	1	-1
c0_xy	251	1	-1
c0_xy	233	1	-1
c0_xy	184	1	-1
c0_xy	266	1	-1
c0_xy	265	1	-1
c0_xy	288	1	-1
c0_xy	308	1	-1
c0_xy	200	1	-1
c0_xy	320	1	-1
c0_xy	218	1	-1
c0_xy	232	1	-1
c0_xy	276	1	-1
c0_xy	233	1	-1
c0_xy	245	1	-1
c0_xy	228	1	-1
c0_xy	401	1	-1
c0_xy	247	1	-1
c0_xy	331	1	-1
c0_xy	288	1	-1
c0_xy	337	1	-1
c0_xy	70	1	-1
c0_xy	259	1	-1
c0_xy	269	1	-1
c0_xy	229	0	0.166887
c0_xy	317	1	-1
c0_xy	279	0	0.185067
c0_xy	202	1	-1
c0_xy	331	1	-1
c0_xy	232	1	-1
c0_xy	207	1	-1
c0_xy	298	1	-1
c0_xy	219	1	-1
c0_xy	305	1	-1
c0_xy	245	1	-1
c0_xy	247	1	-1
c0_xy	239	1	-1
c0_xy	280	0	0.167469
c0_xy	253	1	-1
c0_xy	283	1	-1
c0_xy	327	0	0.172873
c0_xy	278	1	-1
c0_xy	306	1	-1
c0_xy	290	1	-1
c0_xy	234	1	-1
c0_xy	272	1	-1
c0_xy	231	1	-1
c0_xy	300	1	-1
c0_xy	321	0	0.210925
c0_xy	383	1	-1
c0_xy	218	1	-1
c0_xy	244	1	-1
c0_xy	268	1	-1
c0_xy	272	1	-1
c0_xy	89	1	-1
c0_xy	299	1	-1
c0_xy	347	1	-1
c0_xy	320	1	-1
c0_xy	279	1	-1
c0_xy	309	1	-1
c0_xy	232	1	-1
c0_xy	279	1	-1
c0_xy	206	1	-1
c0_xy	260	1	-1
c0_xy	240	0	0.187735
c0_xy	260	1	-1
c0_xy	238	1	-1
c0_xy	341	1	-1
c0_xy	255	1	-1
c0_xy	290	1	-1
c0_xy	248	1	-1
c0_xy	281	0	0.17583
c0_xy	299	1	-1
c0_xy	215	1	-1
c0_xy	121	1	-1
c0_xy	99	1	-1
c0_xy	63	1	-1
c0_xy	224	1	-1
c0_xy	111	1	-1
c0_xy	231	1	-1
c0_xy	307	1	-1
c0_xy	233	0	0.165542
c0_xy	261	1	-1
c0_xy	305	1	-1
c0_xy	239	1	-1
c0_xy	209	0	0.15912
c0_xy	342	0	1.06163
c0_xy	326	1	-1
c0_xy	295	1	-1
c0_xy	214	1	-1
c0_xy	286	0	0.227516
c0_xy	220	1	-1
c0_xy	301	1	-1
c0_xy	247	1	-1
c0_xy	255	1	-1
c0_xy	318	1	-1
c0_xy	381	1	-1
c0_xy	269	1	-1
c0_xy	232	1	-1
c0_xy	334	1	-1
c0_xy	234	1	-1
c0_xy	263	1	-1
c0_xy	310	1	-1
c0_xy	200	0	0.183736
c0_xy	336	1	-1
c0_xy	240	1	-1
c0_xy	196	1	-1
c0_xy	272	1	-1
c0_xy	241	1	-1
c0_xy	216	0	0.210222
c0_xy	259	1	-1
c0_xy	213	1	-1
c0_xy	144	1	-1
c0_xy	210	1	-1
c0_xy	255	1	-1
c0_xy	224	1	-1
c0_xy	255	0	0.188527
c0_xy	233	1	-1
c0_xy	299	1	-1
c0_xy	278	1	-1
c0_xy	163	1	-1
c0_xy	303	1	-1
c0_xy	291	1	-1
c0_xy	185	1	-1
c0_xy	225	1	-1
c0_xy	306	1	-1
c0_xy	251	1	-1
c0_xy	390	1	-1
c0_xy	305	1	-1
c0_xy	251	1	-1
c0_xy	237	1	-1
c0_xy	268	1	-1
c0_xy	155	1	-1
c0_xy	229	1	-1
c0_xy	225	1	-1
c0_xy	275	1	-1
c0_xy	204	1	-1
c0_xy	210	1	-1
c0_xy	131	1	-1
c0_xy	37	1	-1
c0_xy	258	1	-1
c0_xy	181	1	-1
c0_xy	301	1	-1
c0_xy	113	1	-1
c0_xy	106	1	-1
c0_xy	264	1	-1
c0_xy	193	1	-1
c0_xy	227	1	-1
c0_xy	383	1	-1
c0_xy	285	1	-1
c0_xy	232	1	-1
c0_xy	313	1	-1
c0_xy	258	1	-1
c0_xy	365	1	-1
c0_xy	142	0	0.181236
c0_xy	336	1	-1
c0_xy	194	1	-1
c0_xy	217	1	-1
c0_xy	293	1	-1
c0_xy	160	1	-1
c0_xy	277	1	-1
c0_xy	233	1	-1
c0_xy	365	1	-1
c0_xy	284	1	-1
c0_xy	256	1	-1
c0_xy	198	1	-1
c0_xy	79	1	-1
c0_xy	259	0	0.202185
c0_xy	190	1	-1
c0_xy	274	1	-1
c0_xy	232	1	-1
c0_xy	328	1	-1
c0_xy	246	1	-1
c0_xy	189	1	-1
c0_xy	240	1	-1
c0_xy	193	1	-1
c0_xy	190	1	-1
c0_xy	259	1	-1
c0_xy	94	1	-1
c0_xy	182	1	-1
c0_xy	174	1	-1
c0_xy	185	1	-1
c0_xy	258	1	-1
c0_xy	277	1	-1
c0_xy	226	1	-1
c0_xy	97	1	-1
c0_xy	216	1	-1
c0_xy	293	1	-1
c0_xy	139	1	-1
c0_xy	265	1	-1
c0_xy	348	1	-1
c0_xy	250	0	0.194513
c0_xy	177	1	-1
c0_xy	125	1	-1
c0_xy	299	1	-1
c0_xy	210	0	0.223702
c0_xy	307	1	-1
c0_xy	184	1	-1
c0_xy	238	1	-1
c0_xy	216	1	-1
c0_xy	271	1	-1
c0_xy	161	1	-1
c0_xy	258	0	0.163943
c0_xy	160	0	0.233524
c0_xy	231	1	-1
c0_xy	219	1	-1
c0_xy	173	1	-1
c0_xy	181	1	-1
c0_xy	217	1	-1
c0_xy	118	1	-1
c0_xy	170	1	-1
c0_xy	236	1	-1
c0_xy	230	1	-1
c0_xy	238	0	0.176008
c0_xy	216	1	-1
c0_xy	356	1	-1
c0_xy	260	1	-1
c0_xy	265	1	-1
c0_xy	168	1	-1
c0_xy	251	1	-1
c0_xy	294	1	-1
c0_xy	153	1	-1
c0_xy	230	1	-1
c0_xy	219	1	-1
c0_xy	213	1	-1
c0_xy	107	1	-1
c0_xy	220	1	-1
c0_xy	195	1	-1
c0_xy	209	1	-1
c0_xy	226	0	0.179564
c0_xy	90	1	-1
c0_xy	327	1	-1
c0_xy	257	1	-1
c0_xy	281	1	-1
c0_xy	314	1	-1
c0_xy	213	1	-1
c0_xy	203	1	-1
c0_xy	233	1	-1
c0_xy	258	1	-1
c0_xy	237	1	-1
c0_xy	119	1	-1
c0_xy	231	1	-1
c0_xy	273	0	0.197646
c0_xy	318	1	-1
c0_xy	170	1	-1
c0_xy	245	1	-1
c0_xy	249	1	-1
c0_xy	127	1	-1
c0_xy	309	1	-1
c0_xy	198	1	-1
c0_xy	28	1	-1
c0_xy	230	1	-1
c0_xy	172	1	-1
c0_xy	148	1	-1
c0_xy	153	0	0.169658
c0_xy	343	1	-1
c0_xy	157	1	-1
c0_xy	251	1	-1
c0_xy	217	1	-1
c0_xy	278	1	-1
c0_xy	166	1	-1
c0_xy	158	1	-1
c0_xy	248	1	-1
c0_xy	175	1	-1
c0_xy	243	0	0.218311
c0_xy	234	1	-1
c0_xy	230	1	-1
c0_xy	162	0	0.193102
c0_xy	233	1	-1
c0_xy	131	1	-1
c0_xy	110	1	-1
c0_xy	154	1	-1
c0_xy	282	1	-1
c0_xy	193	1	-1
c0_xy	147	1	-1
c0_xy	169	1	-1
c0_xy	258	1	-1
c0_xy	288	1	-1
c0_xy	308	1	-1
c0_xy	262	1	-1
c0_xy	137	1	-1
c0_xy	261	0	0.14865
c0_xy	243	1	-1
c0_xy	262	1	-1
c0_xy	194	1	-1
c0_xy	212	1	-1
c0_xy	3	1	-1
c0_xy	134	1	-1
c0_xy	132	1	-1
c0_xy	247	1	-1
c0_xy	15	1	-1
c0_xy	126	0	0.201273
c0_xy	234	1	-1
c0_xy	118	1	-1
c0_xy	100	1	-1
c0_xy	142	1	-1
c0_xy	275	1	-1
c0_xy	124	1	-1
c0_xy	145	1	-1
c0_xy	171	0	0.206641
c0_xy	184	1	-1
c0_xy	224	1	-1
c0_xy	169	1	-1
c0_xy	235	1	-1
c0_xy	222	1	-1
c0_xy	179	1	-1
c0_xy	185	0	0.182815
c0_xy	105	1	-1
c0_xy	502	1	-1
c0_xy	165	1	-1
c0_xy	120	1	-1
c0_xy	170	1	-1
c0_xy	103	1	-1
c0_xy	251	1	-1
c0_xy	186	0	0.158731
c0_xy	163	1	-1
c0_xy	133	1	-1
c0_xy	216	1	-1
c0_xy	212	1	-1
c0_xy	16	1	-1
c0_xy	218	1	-1
c0_xy	136	1	-1
c0_xy	163	1	-1
c0_xy	174	1	-1
c0_xy	352	1	-1
c0_xy	207	1	-1
c0_xy	138	1	-1
c0_xy	324	1	-1
c0_xy	98	1	-1
c0_xy	55	1	-1
c0_xy	164	1	-1
c0_xy	124	1	-1
c0_xy	21	1	-1
c0_xy	136	1	-1
c0_xy	229	1	-1
c0_xy	130	1	-1
c0_xy	156	1	-1
c0_xy	133	0	0.203904
c0_xy	145	1	-1
c0_xy	299	1	-1
c0_xy	19	1	-1
c0_xy	266	1	-1
c0_xy	204	1	-1
c0_xy	201	1	-1
c0_xy	275	1	-1
c0_xy	126	1	-1
c0_xy	199	1	-1
c0_xy	65	0	0.255475
c0_xy	168	1	-1
c0_xy	134	1	-1
c0_xy	289	1	-1
c0_xy	95	1	-1
c0_xy	264	1	-1
c0_xy	114	1	-1
c0_xy	247	1	-1
c0_xy	90	1	-1
c0_xy	229	1	-1
c0_xy	210	1	-1
c0_xy	157	1	-1
c0_xy	258	1	-1
c0_xy	261	1	-1
c0_xy	208	1	-1
c0_xy	100	1	-1
c0_xy	209	1	-1
c0_xy	108	0	0.212463
c0_xy	11	1	-1
c0_xy	218	1	-1
c0_xy	81	1	-1
c0_xy	61	1	-1
c0_xy	278	1	-1
c0_xy	38	1	-1
c0_xy	111	1	-1
c0_xy	99	1	-1
c0_xy	146	1	-1
c0_xy	71	1	-1
c0_xy	253	1	-1
c0_xy	159	1	-1
c0_xy	95	1	-1
c0_xy	194	1	-1
c0_xy	133	1	-1
c0_xy	153	1	-1
c0_xy	145	1	-1
c0_xy	22	1	-1
c0_xy	229	1	-1
c0_xy	35	1	-1
c0_xy	335	1	-1
c0_xy	114	1	-1
c0_xy	201	1	-1
c0_xy	72	1	-1
c0_xy	71	0	0.182058
c0_xy	73	1	-1
c0_xy	115	1	-1
c0_xy	70	1	-1
c0_xy	133	1	-1
c0_xy	41	1	-1
c0_xy	32	1	-1
c0_xy	95	1	-1
c0_xy	98	1	-1
c0_xy	87	1	-1
c0_xy	148	1	-1
c0_xy	17	1	-1
c0_xy	307	1	-1
c0_xy	47	0	0.131764
c0_xy	87	1	-1
c0_xy	49	1	-1
c0_xy	108	1	-1
c0_xy	35	1	-1
c0_xy	238	1	-1
c0_xy	15	1	-1
c0_xy	1	1	-1
c0_xy	174	1	-1
c0_xy	197	1	-1
c0_xy	3	1	-1
c0_xy	87	1	-1
c0_xy	18	1	-1
c0_xy	42	1	-1
c0_xy	50	1	-1
c0_xy	173	1	-1
c0_xy	100	1	-1
c0_xy	88	1	-1
c0_xy	127	1	-1
c0_xy	88	1	-1
c0_xy	65	1	-1
c0_xy	86	1	-1
c0_xy	100	1	-1
c0_xy	42	1	-1
c0_xy	402	1	-1
c0_xy	37	1	-1
c0_xy	87	1	-1
c0_xz	3	-1	-2
c0_xz	2231	0	0.313279
c0_xz	36	1	-1
c0_xz	73	1	-1
c0_xz	1902	0	0.867958
c0_xz	1970	0	0.399636
c0_xz	1234	0	0.59713
c0_xz	1966	0	0.265878
c0_xz	1221	0	0.53548
c0_xz	187	1	-1
c0_xz	18	1	-1
c0_xz	2179	0	0.317603
c0_xz	1383	0	0.449708
c0_xz	2117	0	0.336615
c0_xz	2291	0	0.363311
c0_xz	476	1	-1
c0_xz	887	1	-1
c0_xz	1482	0	0.419749
c0_xz	2004	0	0.320771
c0_xz	2356	0	0.347098
c0_xz	975	1	-1
c0_xz	1890	0	0.472977
c0_xz	2	1	-1
c0_xz	1839	0	0.333412
c0_xz	362	1	-1
c0_xz	271	1	-1
c0_xz	2182	0	0.643159
c0_xz	1634	0	0.519908
c0_xz	2304	0	0.370396
c0_xz	1134	1	-1
c0_xz	889	1	-1
c0_xz	509	0	0.276956
c0_xz	1574	0	0.495292
c0_xz	6	1	-1
c0_xz	56	1	-1
c0_xz	964	1	-1
c0_xz	2021	0	0.359593
c0_xz	141	1	-1
c0_xz	976	1	-1
c0_xz	925	1	-1
c0_xz	1891	0	0.331506
c0_xz	545	1	-1
c0_xz	8	1	-1
c0_xz	1836	0	0.379032
c0_xz	26	1	-1
c0_xz	8	1	-1
c0_xz	284	1	-1
c0_xz	524	0	0.6655
c0_xz	1422	0	0.243514
c0_xz	1005	1	-1
c0_xz	7	1	-1
c0_xz	1676	1	-1
c0_xz	1181	0	0.445427
c0_xz	251	1	-1
c0_xz	1637	0	0.593436
c0_xz	2043	0	0.589023
c0_xz	1811	0	0.473154
c0_xz	1368	0	0.379115
c0_xz	1832	1	-1
c0_xz	1635	0	0.440762
c0_xz	1200	0	0.481034
c0_xz	1435	0	0.519324
c0_xz	388	1	-1
c0_xz	1502	1	-1
c0_xz	1660	0	0.558746
c0_xz	7	1	-1
c0_xz	1206	0	0.636692
c0_xz	559	0	0.300282
c0_xz	758	1	-1
c0_xz	593	1	-1
c0_yz	2	-1	-2
c0_yz	493	0	0.322159
c0_yz	2006	0	0.599873
c0_yz	735	2	-1
c0_yz	2267	0	0.31973
c0_yz	1584	0	0.34588
c0_yz	2322	0	0.571456
c0_yz	2287	0	0.459701
c0_yz	25	1	-1
c0_yz	2002	0	0.30683
c0_yz	1372	0	1.09802
c0_yz	421	0	0.772183
c0_yz	975	0	0.506915
c0_yz	79	1	-1
c0_yz	397	1	-1
c0_yz	1924	0	0.449101
c0_yz	1509	1	-1
c0_yz	1	1	-1
c0_yz	1593	0	0.391868
c0_yz	174	0	0.818062
c0_yz	2049	0	0.410291
c0_yz	16	1	-1
c0_yz	1919	0	0.352945
c0_yz	1238	1	-1
c0_yz	1768	0	0.381253
c0_yz	477	2	-1
c0_yz	45	1	-1
c0_yz	1899	0	0.36276
c0_yz	245	1	-1
c0_yz	1254	1	-1
c0_yz	1539	0	0.859687
c0_yz	1364	1	-1
c0_yz	1031	1	-1
c0_yz	430	1	-1
c0_yz	115	1	-1
c1_xy	1	-1	-2
c1_xy	1	1	-1
c1_xy	11	1	-1
c1_xy	1	1	-1
c1_xy	17	1	-1
c1_xy	7	1	-1
c1_xy	21	1	-1
c1_xy	59	1	-1
c1_xy	25	1	-1
c1_xy	76	1	-1
c1_xy	7	1	-1
c1_xy	8	1	-1
c1_xy	11	1	-1
c1_xy	73	1	-1
c1_xy	46	1	-1
c1_xy	48	1	-1
c1_xy	57	1	-1
c1_xy	77	1	-1
c1_xy	55	1	-1
c1_xy	47	1	-1
c1_xy	69	1	-1
c1_xy	86	1	-1
c1_xy	14	1	-1
c1_xy	3	1	-1
c1_xy	32	1	-1
c1_xy	2	1	-1
c1_xy	8	1	-1
c1_xy	37	1	-1
c1_xy	36	1	-1
c1_xy	52	1	-1
c1_xy	62	1	-1
c1_xy	19	1	-1
c1_xy	17	1	-1
c1_xy	81	1	-1
c1_xy	15	1	-1
c1_xy	32	1	-1
c1_xy	24	1	-1
c1_xy	41	1	-1
c1_xy	59	1	-1
c1_xy	25	1	-1
c1_xy	90	1	-1
c1_xy	47	1	-1
c1_xy	54	1	-1
c1_xy	79	1	-1
c1_xy	83	1	-1
c1_xy	35	1	-1
c1_xy	8	1	-1
c1_xy	14	1	-1
c1_xy	4	1	-1
c1_xy	33	1	-1
c1_xy	99	1	-1
c1_xy	7	1	-1
c1_xy	79	1	-1
c1_xy	36	1	-1
c1_xy	42	1	-1
c1_xy	43	1	-1
c1_xy	63	1	-1
c1_xy	1	1	-1
c1_xy	53	1	-1
c1_xy	19	1	-1
c1_xy	104	1	-1
c1_xy	92	1	-1
c1_xy	69	1	-1
c1_xy	76	1	-1
c1_xy	80	1	-1
c1_xy	69	1	-1
c1_xy	18	1	-1
c1_xy	12	1	-1
c1_xy	48	1	-1
c1_xy	73	1	-1
c1_xy	72	1	-1
c1_xy	105	1	-1
c1_xy	67	1	-1
c1_xy	75	1	-1
c1_xy	60	1	-1
c1_xy	98	1	-1
c1_xy	47	1	-1
c1_xy	69	1	-1
c1_xy	72	1	-1
c1_xy	97	1	-1
c1_xy	75	1	-1
c1_xy	47	1	-1
c1_xy	95	1	-1
c1_xy	31	1	-1
c1_xy	79	1	-1
c1_xy	63	1	-1
c1_xy	84	1	-1
c1_xy	53	1	-1
c1_xy	58	1	-1
c1_xy	85	1	-1
c1_xy	24	1	-1
c1_xy	45	1	-1
c1_xy	40	1	-1
c1_xy	99	1	-1
c1_xy	16	1	-1
c1_xy	67	1	-1
c1_xy	63	1	-1
c1_xy	96	1	-1
c1_xy	96	1	-1
c1_xy	59	1	-1
c1_xy	87	1	-1
c1_xy	62	1	-1
c1_xy	66	1	-1
c1_xy	75	1	-1
c1_xy	92	1	-1
c1_xy	85	1	-1
c1_xy	94	1	-1
c1_xy	85	1	-1
c1_xy	74	1	-1
c1_xy	124	1	-1
c1_xy	120	1	-1
c1_xy	113	0	0.271396
c1_xy	101	1	-1
c1_xy	35	1	-1
c1_xy	78	1	-1
c1_xy	91	1	-1
c1_xy	75	1	-1
c1_xy	84	1	-1
c1_xy	81	1	-1
c1_xy	94	1	-1
c1_xy	80	1	-1
c1_xy	41	1	-1
c1_xy	77	1	-1
c1_xy	95	1	-1
c1_xy	83	1	-1
c1_xy	54	1	-1
c1_xy	75	1	-1
c1_xy	89	1	-1
c1_xy	102	1	-1
c1_xy	98	1	-1
c1_xy	101	1	-1
c1_xy	74	1	-1
c1_xy	50	1	-1
c1_xy	82	1	-1
c1_xy	92	1	-1
c1_xy	68	1	-1
c1_xy	63	1	-1
c1_xy	72	1	-1
c1_xy	100	1	-1
c1_xy	75	1	-1
c1_xy	94	1	-1
c1_xy	91	1	-1
c1_xy	98	1	-1
c1_xy	103	1	-1
c1_xy	81	1	-1
c1_xy	130	1	-1
c1_xy	78	1	-1
c1_xy	97	1	-1
c1_xy	105	1	-1
c1_xy	60	1	-1
c1_xy	60	1	-1
c1_xy	65	1	-1
c1_xy	69	1	-1
c1_xy	57	1	-1
c1_xy	88	1	-1
c1_xy	77	1	-1
c1_xy	77	0	0.242961
c1_xy	62	1	-1
c1_xy	53	1	-1
c1_xy	104	1	-1
c1_xy	95	1	-1
c1_xy	58	1	-1
c1_xy	73	1	-1
c1_xy	80	1	-1
c1_xy	114	1	-1
c1_xy	64	1	-1
c1_xy	125	1	-1
c1_xy	119	1	-1
c1_xy	117	1	-1
c1_xy	118	0	0.223902
c1_xy	97	1	-1
c1_xy	95	1	-1
c1_xy	82	1	-1
c1_xy	58	1	-1
c1_xy	74	1	-1
c1_xy	101	1	-1
c1_xy	121	1	-1
c1_xy	51	1	-1
c1_xy	101	1	-1
c1_xy	110	1	-1
c1_xy	82	1	-1
c1_xy	99	1	-1
c1_xy	109	0	0.24306
c1_xy	95	1	-1
c1_xy	89	1	-1
c1_xy	110	1	-1
c1_xy	88	1	-1
c1_xy	100	1	-1
c1_xy	103	1	-1
c1_xy	44	1	-1
c1_xy	104	1	-1
c1_xy	74	1	-1
c1_xy	108	1	-1
c1_xy	97	1	-1
c1_xy	121	1	-1
c1_xy	135	1	-1
c1_xy	118	1	-1
c1_xy	104	1	-1
c1_xy	120	1	-1
c1_xy	125	1	-1
c1_xy	107	1	-1
c1_xy	114	1	-1
c1_xy	104	1	-1
c1_xy	115	1	-1
c1_xy	112	0	0.433108
c1_xy	119	1	-1
c1_xy	119	1	-1
c1_xy	139	1	-1
c1_xy	125	1	-1
c1_xy	47	1	-1
c1_xy	98	1	-1
c1_xy	84	1	-1
c1_xy	122	1	-1
c1_xy	83	1	-1
c1_xy	112	0	0.256306
c1_xy	99	0	0.213482
c1_xy	102	0	0.165362
c1_xy	123	1	-1
c1_xy	87	1	-1
c1_xy	114	1	-1
c1_xy	115	1	-1
c1_xy	89	1	-1
c1_xy	81	1	-1
c1_xy	125	1	-1
c1_xy	93	1	-1
c1_xy	111	1	-1
c1_xy	122	0	0.239933
c1_xy	125	1	-1
c1_xy	148	1	-1
c1_xy	110	1	-1
c1_xy	53	1	-1
c1_xy	119	1	-1
c1_xy	117	1	-1
c1_xy	121	1	-1
c1_xy	94	0	0.263528
c1_xy	73	0	0.432139
c1_xy	91	1	-1
c1_xy	123	1	-1
c1_xy	110	1	-1
c1_xy	90	1	-1
c1_xy	150	1	-1
c1_xy	62	1	-1
c1_xy	92	1	-1
c1_xy	41	1	-1
c1_xy	95	1	-1
c1_xy	99	1	-1
c1_xy	82	0	0.15857
c1_xy	79	1	-1
c1_xy	103	1	-1
c1_xy	64	1	-1
c1_xy	34	1	-1
c1_xy	131	0	0.213482
c1_xy	145	1	-1
c1_xy	138	1	-1
c1_xy	107	1	-1
c1_xy	103	1	-1
c1_xy	109	0	0.29593
c1_xy	135	0	0.290248
c1_xy	114	1	-1
c1_xy	114	0	0.171799
c1_xy	116	1	-1
c1_xy	107	1	-1
c1_xy	112	1	-1
c1_xy	109	1	-1
c1_xy	87	1	-1
c1_xy	118	1	-1
c1_xy	144	1	-1
c1_xy	88	1	-1
c1_xy	87	1	-1
c1_xy	93	0	0.289509
c1_xy	92	1	-1
c1_xy	94	1	-1
c1_xy	56	1	-1
c1_xy	143	1	-1
c1_xy	109	1	-1
c1_xy	35	1	-1
c1_xy	102	1	-1
c1_xy	120	1	-1
c1_xy	95	0	0.193732
c1_xy	104	0	0.194354
c1_xy	83	1	-1
c1_xy	117	0	0.299383
c1_xy	116	1	-1
c1_xy	119	0	0.567503
c1_xy	90	1	-1
c1_xy	119	0	0.259157
c1_xy	88	1	-1
c1_xy	70	0	0.573163
c1_xy	132	1	-1
c1_xy	117	1	-1
c1_xy	110	1	-1
c1_xy	100	1	-1
c1_xy	113	1	-1
c1_xy	107	1	-1
c1_xy	102	1	-1
c1_xy	113	0	0.287366
c1_xy	134	1	-1
c1_xy	11	1	-1
c1_xy	87	0	0.346373
c1_xy	128	0	0.178835
c1_xy	109	0	0.249496
c1_xy	82	1	-1
c1_xy	112	1	-1
c1_xy	140	0	0.260605
c1_xy	147	1	-1
c1_xy	103	1	-1
c1_xy	88	0	0.177287
c1_xy	147	1	-1
c1_xy	111	1	-1
c1_xy	89	0	0.284643
c1_xy	141	0	0.324542
c1_xy	38	1	-1
c1_xy	58	1	-1
c1_xy	67	1	-1
c1_xy	159	1	-1
c1_xy	149	1	-1
c1_xy	153	1	-1
c1_xy	90	1	-1
c1_xy	87	1	-1
c1_xy	76	1	-1
c1_xy	128	1	-1
c1_xy	111	1	-1
c1_xy	110	0	0.231994
c1_xy	130	1	-1
c1_xy	114	0	0.121372
c1_xy	133	1	-1
c1_xy	133	0	0.169396
c1_xy	135	1	-1
c1_xy	49	1	-1
c1_xy	150	1	-1
c1_xy	122	0	0.16667
c1_xy	126	0	0.249908
c1_xy	151	1	-1
c1_xy	72	1	-1
c1_xy	193	0	0.199073
c1_xy	143	0	0.193377
c1_xy	121	1	-1
c1_xy	133	0	0.197035
c1_xy	156	0	0.183252
c1_xy	167	1	-1
c1_xy	140	1	-1
c1_xy	126	0	0.217399
c1_xy	138	1	-1
c1_xy	44	1	-1
c1_xy	104	0	0.162271
c1_xy	138	0	0.23137
c1_xy	101	0	0.192077
c1_xy	106	0	0.16305
c1_xy	35	1	-1
c1_xy	79	1	-1
c1_xy	115	0	0.207108
c1_xy	115	0	0.164338
c1_xy	97	0	0.230055
c1_xy	115	0	0.174307
c1_xy	134	0	0.217399
c1_xy	115	1	-1
c1_xy	106	0	0.257804
c1_xy	67	0	0.165045
c1_xy	102	0	0.182547
c1_xy	52	0	0.996847
c1_xy	161	0	0.233524
c1_xy	80	0	0.222515
c1_xy	77	0	0.346042
c1_xy	56	1	-1
c1_xy	47	1	-1
c1_xy	14	1	-1
c1_xy	3	1	-1
c1_xy	50	1	-1
c1_xy	37	1	-1
c1_xy	58	1	-1
c1_xy	5	1	-1
c1_xy	28	1	-1
c1_xy	4	1	-1
c1_xy	3	1	-1
c1_xy	5	1	-1
c1_xy	1	1	-1
c1_xy	32	1	-1
c1_xy	11	1	-1
c1_xz	3	-1	-2
c1_xz	194	0	1.35455
c1_xz	289	0	0.244922
c1_xz	343	0	0.330221
c1_xz	82	0	0.209769
c1_xz	301	0	0.258394
c1_xz	162	0	0.271638
c1_xz	74	1	-1
c1_xz	407	0	0.283171
c1_xz	366	0	0.319417
c1_xz	9	1	-1
c1_xz	40	1	-1
c1_xz	351	0	0.371788
c1_xz	274	0	0.295388
c1_xz	299	0	0.566923
c1_xz	237	0	0.374401
c1_xz	340	0	0.402831
c1_xz	336	0	0.335493
c1_xz	250	0	0.40365
c1_xz	146	0	0.517079
c1_xz	49	0	0.809375
c1_xz	414	0	0.39833
c1_xz	110	0	1.89527
c1_xz	40	0	2.14822
c1_xz	27	1	-1
c1_xz	441	0	0.264988
c1_xz	220	0	0.362472
c1_xz	12	1	-1
c1_xz	325	0	0.323761
c1_xz	259	0	0.461874
c1_xz	120	1	-1
c1_xz	99	0	0.485108
c1_xz	397	0	0.392191
c1_xz	89	0	0.751437
c1_xz	400	0	0.401285
c1_xz	299	0	0.396676
c1_xz	312	0	0.379661
c1_xz	422	0	0.420798
c1_xz	371	0	0.417147
c1_xz	270	0	0.329816
c1_xz	123	0	1.12103
c1_xz	277	0	0.589344
c1_xz	433	0	0.290325
c1_xz	46	0	0.672041
c1_xz	222	0	0.498992
c1_yz	1	-1	-2
c1_yz	31	1	-1
c1_yz	341	0	0.286352
c1_yz	379	0	0.35794
c1_yz	192	0	0.66917
c1_yz	50	1	-1
c1_yz	119	0	0.703255
c1_yz	318	0	0.489333
c1_yz	381	0	0.23922
c1_yz	426	0	0.288179
c1_yz	265	0	0.326099
c1_yz	24	1	-1
c1_yz	422	0	0.372562
c1_yz	506	0	0.285353
c1_yz	358	0	0.47736
c1_yz	1	1	-1
c1_yz	344	0	0.336571
c1_yz	535	0	0.280832
c1_yz	124	0	1.65743
c1_yz	269	0	0.570731
c1_yz	74	1	-1
c1_yz	218	1	-1
